1468345190 0 0 0 1 0 0 0 0 0 0 0 0 0 0 0 0 0 0 0 0
1468391495 1 0 0 1 0 0 0 0 0 0 0 0 0 0 0 0 0 0 0 0
1468393591 2 0 0 1 0 0 0 0 0 0 0 0 0 0 0 0 0 0 0 0
1468594914 2 0 0 2 0 0 0 0 0 0 0 0 0 0 0 0 0 0 0 0
1468605428 3 0 0 2 0 0 0 0 0 0 0 0 0 0 0 0 0 0 0 0
1468730889 3 0 0 3 0 0 0 0 0 0 0 0 0 0 0 0 0 0 0 0
1468744267 3 1 0 3 0 0 0 0 0 0 0 0 0 0 0 0 0 0 0 0
1468755527 3 1 0 3 1 0 0 0 0 0 0 0 0 0 0 0 0 0 0 0
1468847795 3 1 0 4 1 0 0 0 0 0 0 0 0 0 0 0 0 0 0 0
1468849002 4 1 0 4 1 0 0 0 0 0 0 0 0 0 0 0 0 0 0 0
1468850639 4 1 0 5 1 0 0 0 0 0 0 0 0 0 0 0 0 0 0 0
1468998287 4 1 0 6 1 0 0 0 0 0 0 0 0 0 0 0 0 0 0 0
1469597304 5 1 0 6 1 0 0 0 0 0 0 0 0 0 0 0 0 0 0 0
1470413383 5 1 0 7 1 0 0 0 0 0 0 0 0 0 0 0 0 0 0 0
1470413917 5 1 0 8 1 0 0 0 0 0 0 0 0 0 0 0 0 0 0 0
1471018766 5 1 0 8 1 0 0 0 0 0 0 0 0 0 0 0 0 0 0 0
1471264673 5 1 0 8 1 0 0 0 0 0 0 0 0 0 0 0 0 0 0 0
1471506140 5 2 0 8 1 0 0 0 0 0 0 0 0 0 0 0 0 0 0 0
1471506522 5 2 0 8 2 0 0 0 0 0 0 0 0 0 0 0 0 0 0 0
1471938117 5 2 0 8 2 0 0 0 0 0 0 0 0 0 0 0 0 0 0 0
1472033872 5 2 1 8 2 0 0 0 0 0 0 0 0 0 0 0 0 0 0 0
1472444761 6 2 1 8 2 0 0 0 0 0 0 0 0 0 0 0 0 0 0 0
1472459402 7 2 1 8 2 0 0 0 0 0 0 0 0 0 0 0 0 0 0 0
1472459675 8 2 1 8 2 0 0 0 0 0 0 0 0 0 0 0 0 0 0 0
1472466208 8 2 1 9 2 0 0 0 0 0 0 0 0 0 0 0 0 0 0 0
1472467155 9 2 1 9 2 0 0 0 0 0 0 0 0 0 0 0 0 0 0 0
1472467223 9 2 1 10 2 0 0 0 0 0 0 0 0 0 0 0 0 0 0 0
1472469342 9 2 2 10 2 0 0 0 0 0 0 0 0 0 0 0 0 0 0 0
1472561418 10 2 2 10 2 0 0 0 0 0 0 0 0 0 0 0 0 0 0 0
1472573328 11 2 2 10 2 0 0 0 0 0 0 0 0 0 0 0 0 0 0 0
1472574819 11 2 2 11 2 0 0 0 0 0 0 0 0 0 0 0 0 0 0 0
1472574912 11 2 2 11 2 0 0 0 0 0 0 0 0 0 0 1 0 0 0 0
1472611564 11 2 2 12 2 0 0 0 0 0 0 0 0 0 0 1 0 0 0 0
1472623377 11 2 3 12 2 0 0 0 0 0 0 0 0 0 0 1 0 0 0 0
1472623481 11 2 3 13 2 0 0 0 0 0 0 0 0 0 0 1 0 0 0 0
1472692819 11 2 4 13 2 0 0 0 0 0 0 0 0 0 0 1 0 0 0 0
1472719374 11 2 4 14 2 0 0 0 0 0 0 0 0 0 0 1 0 0 0 0
1472721252 11 2 4 15 2 0 0 0 0 0 0 0 0 0 0 1 0 0 0 0
1472722947 11 2 4 16 2 0 0 0 0 0 0 0 0 0 0 1 0 0 0 0
1472728105 11 3 4 16 2 0 0 0 0 0 0 0 0 0 0 1 0 0 0 0
1472734396 12 3 4 16 2 0 0 0 0 0 0 0 0 0 0 1 0 0 0 0
1472735322 12 3 4 17 2 0 0 0 0 0 0 0 0 0 0 1 0 0 0 0
1472741048 13 3 4 17 2 0 0 0 0 0 0 0 0 0 0 1 0 0 0 0
1472742704 13 3 4 18 2 0 0 0 0 0 0 0 0 0 0 1 0 0 0 0
1472747125 13 3 4 19 2 0 0 0 0 0 0 0 0 0 0 1 0 0 0 0
1472782929 13 4 4 19 2 0 0 0 0 0 0 0 0 0 0 1 0 0 0 0
1472795898 13 5 4 19 2 0 0 0 0 0 0 0 0 0 0 1 0 0 0 0
1472805298 13 6 4 19 2 0 0 0 0 0 0 0 0 0 0 1 0 0 0 0
1472834051 13 6 4 20 2 0 0 0 0 0 0 0 0 0 0 1 0 0 0 0
1472836029 13 6 4 21 2 0 0 0 0 0 0 0 0 0 0 1 0 0 0 0
1472836067 13 7 4 21 2 0 0 0 0 0 0 0 0 0 0 1 0 0 0 0
1472837194 13 8 4 21 2 0 0 0 0 0 0 0 0 0 0 1 0 0 0 0
1472837451 13 8 4 22 2 0 0 0 0 0 0 0 0 0 0 1 0 0 0 0
1472873796 13 9 4 22 2 0 0 0 0 0 0 0 0 0 0 1 0 0 0 0
1472972252 13 10 4 22 2 0 0 0 0 0 0 0 0 0 0 1 0 0 0 0
1473499493 13 11 4 22 2 0 0 0 0 0 0 0 0 0 0 1 0 0 0 0
1473677747 13 11 4 23 2 0 0 0 0 0 0 0 0 0 0 1 0 0 0 0
1474001356 14 11 4 23 2 0 0 0 0 0 0 0 0 0 0 1 0 0 0 0
1474001473 14 11 4 23 2 0 0 0 0 0 0 0 0 0 0 2 0 0 0 0
1474296999 14 11 4 23 2 0 0 1 0 0 0 0 0 0 0 2 0 0 0 0
1476615959 14 11 5 23 2 0 0 1 0 0 0 0 0 0 0 2 0 0 0 0
1477467904 14 12 5 23 2 0 0 1 0 0 0 0 0 0 0 2 0 0 0 0
1477656720 14 13 5 23 2 0 0 1 0 0 0 0 0 0 0 2 0 0 0 0
1477658676 14 13 5 23 3 0 0 1 0 0 0 0 0 0 0 2 0 0 0 0
1477707080 14 13 5 23 3 0 0 1 0 0 0 0 0 0 0 2 0 0 0 0
1477711702 14 13 5 24 3 0 0 1 0 0 0 0 0 0 0 2 0 0 0 0
1477721675 14 13 6 24 3 0 0 1 0 0 0 0 0 0 0 2 0 0 0 0
1477721761 14 13 6 24 3 0 0 1 0 0 0 0 0 0 0 2 0 0 0 1
1478011654 14 13 6 25 3 0 0 1 0 0 0 0 0 0 0 2 0 0 0 1
1478013477 14 13 6 26 3 0 0 1 0 0 0 0 0 0 0 2 0 0 0 1
1478019696 14 13 6 27 3 0 0 1 0 0 0 0 0 0 0 2 0 0 0 1
1478066248 14 14 6 27 3 0 0 1 0 0 0 0 0 0 0 2 0 0 0 1
1478072642 14 14 6 28 3 0 0 1 0 0 0 0 0 0 0 2 0 0 0 1
1478075419 14 15 6 28 3 0 0 1 0 0 0 0 0 0 0 2 0 0 0 1
1478166697 14 16 6 28 3 0 0 1 0 0 0 0 0 0 0 2 0 0 0 1
1478240605 14 17 6 28 3 0 0 1 0 0 0 0 0 0 0 2 0 0 0 1
1478249740 14 18 6 28 3 0 0 1 0 0 0 0 0 0 0 2 0 0 0 1
1478249832 14 18 6 28 3 0 0 1 0 0 0 0 0 0 0 2 0 0 0 2
1478574160 14 18 6 29 3 0 0 1 0 0 0 0 0 0 0 2 0 0 0 2
1478611840 14 18 6 29 3 0 0 2 0 0 0 0 0 0 0 2 0 0 0 2
1478695026 14 19 6 29 3 0 0 2 0 0 0 0 0 0 0 2 0 0 0 2
1479363232 15 19 6 29 3 0 0 2 0 0 0 0 0 0 0 2 0 0 0 2
1479745151 16 19 6 29 3 0 0 2 0 0 0 0 0 0 0 2 0 0 0 2
1479838014 17 19 6 29 3 0 0 2 0 0 0 0 0 0 0 2 0 0 0 2
1480731750 17 19 6 29 3 0 0 2 0 0 0 0 0 0 0 2 0 0 0 3
1480734990 17 19 7 29 3 0 0 2 0 0 0 0 0 0 0 2 0 0 0 3
1482147923 17 20 7 29 4 0 0 2 0 0 0 0 0 0 0 2 0 0 0 3
1482296047 17 20 7 29 5 0 0 2 0 0 0 0 0 0 0 2 0 0 0 3
1482339551 17 21 7 29 5 0 0 2 0 0 0 0 0 0 0 2 0 0 0 3
1482339592 17 21 7 30 5 0 0 2 0 0 0 0 0 0 0 2 0 0 0 3
1483030312 17 22 7 30 5 0 0 2 0 0 0 0 0 0 0 2 0 0 0 3
1483030359 17 22 7 31 5 0 0 2 0 0 0 0 0 0 0 2 0 0 0 3
1483798900 17 22 7 31 5 1 0 2 0 0 0 0 0 0 0 2 0 0 0 3
1483799505 17 22 7 31 5 2 0 2 0 0 0 0 0 0 0 2 0 0 0 3
1483801504 17 23 7 31 5 2 0 2 0 0 0 0 0 0 0 2 0 0 0 3
1483804281 18 23 7 31 5 2 0 2 0 0 0 0 0 0 0 2 0 0 0 3
1483804951 19 23 7 31 5 2 0 2 0 0 0 0 0 0 0 2 0 0 0 3
1483859484 19 23 7 31 5 3 0 2 0 0 0 0 0 0 0 2 0 0 0 3
1483861333 19 24 7 31 5 3 0 2 0 0 0 0 0 0 0 2 0 0 0 3
1483863416 20 24 7 31 5 3 0 2 0 0 0 0 0 0 0 2 0 0 0 3
1483864327 20 24 7 31 5 3 0 2 0 0 0 0 0 0 0 2 0 0 0 3
1483888784 21 24 7 31 5 3 0 2 0 0 0 0 0 0 0 2 0 0 0 3
1483890051 22 24 7 31 5 3 0 2 0 0 0 0 0 0 0 2 0 0 0 3
1483891036 23 24 7 31 5 3 0 2 0 0 0 0 0 0 0 2 0 0 0 3
1483891280 23 24 7 31 5 4 0 2 0 0 0 0 0 0 0 2 0 0 0 3
1483935718 24 24 7 31 5 4 0 2 0 0 0 0 0 0 0 2 0 0 0 3
1483957826 24 24 7 32 5 4 0 2 0 0 0 0 0 0 0 2 0 0 0 3
1483958189 24 24 7 32 5 5 0 2 0 0 0 0 0 0 0 2 0 0 0 3
1483958596 24 24 7 32 5 6 0 2 0 0 0 0 0 0 0 2 0 0 0 3
1483970693 24 25 7 32 5 6 0 2 0 0 0 0 0 0 0 2 0 0 0 3
1483976178 24 25 7 32 5 6 0 2 0 0 1 0 0 0 0 2 0 0 0 3
1483980495 24 25 7 32 5 6 0 3 0 0 1 0 0 0 0 2 0 0 0 3
1483984825 24 25 7 33 5 6 0 3 0 0 1 0 0 0 0 2 0 0 0 3
1484032885 24 25 7 33 5 6 0 3 0 0 1 0 0 0 0 2 0 0 0 3
1484040551 24 25 8 33 5 6 0 3 0 0 1 0 0 0 0 2 0 0 0 3
1484065010 24 26 8 33 5 6 0 3 0 0 1 0 0 0 0 2 0 0 0 3
1484066143 24 26 8 33 5 7 0 3 0 0 1 0 0 0 0 2 0 0 0 3
1484071658 25 26 8 33 5 7 0 3 0 0 1 0 0 0 0 2 0 0 0 3
1484104710 25 26 8 33 5 7 0 3 0 0 1 0 0 0 0 2 0 0 0 3
1484105127 25 26 8 33 5 7 0 4 0 0 1 0 0 0 0 2 0 0 0 3
1484108304 26 26 8 33 5 7 0 4 0 0 1 0 0 0 0 2 0 0 0 3
1484148318 27 26 8 33 5 7 0 4 0 0 1 0 0 0 0 2 0 0 0 3
1484148401 28 26 8 33 5 7 0 4 0 0 1 0 0 0 0 2 0 0 0 3
1484148714 29 26 8 33 5 7 0 4 0 0 1 0 0 0 0 2 0 0 0 3
1484148812 30 26 8 33 5 7 0 4 0 0 1 0 0 0 0 2 0 0 0 3
1484148909 30 26 8 33 5 7 0 4 0 0 2 0 0 0 0 2 0 0 0 3
1484155026 30 26 8 34 5 7 0 4 0 0 2 0 0 0 0 2 0 0 0 3
1484157307 30 27 8 34 5 7 0 4 0 0 2 0 0 0 0 2 0 0 0 3
1484158518 30 27 8 34 5 7 0 4 0 0 2 0 0 0 0 2 0 0 0 3
1484159272 30 28 8 34 5 7 0 4 0 0 2 0 0 0 0 2 0 0 0 3
1484216007 30 28 9 34 5 7 0 4 0 0 2 0 0 0 0 2 0 0 0 3
1484231084 30 28 9 35 5 7 0 4 0 0 2 0 0 0 0 2 0 0 0 3
1484281985 31 28 9 35 5 7 0 4 0 0 2 0 0 0 0 2 0 0 0 3
1484284594 32 28 9 35 5 7 0 4 0 0 2 0 0 0 0 2 0 0 0 3
1484290082 33 28 9 35 5 7 0 4 0 0 2 0 0 0 0 2 0 0 0 3
1484290391 33 29 9 35 5 7 0 4 0 0 2 0 0 0 0 2 0 0 0 3
1484292527 33 29 9 36 5 7 0 4 0 0 2 0 0 0 0 2 0 0 0 3
1484315973 33 30 9 36 5 7 0 4 0 0 2 0 0 0 0 2 0 0 0 3
1484325171 33 31 9 36 5 7 0 4 0 0 2 0 0 0 0 2 0 0 0 3
1484326312 33 31 10 36 5 7 0 4 0 0 2 0 0 0 0 2 0 0 0 3
1484377911 33 31 11 36 5 7 0 4 0 0 2 0 0 0 0 2 0 0 0 3
1484538403 33 31 12 36 5 7 0 4 0 0 2 0 0 0 0 2 0 0 0 3
1484549563 33 31 12 36 5 7 0 4 0 0 2 0 0 0 0 2 0 0 0 3
1484549596 33 31 13 36 5 7 0 4 0 0 2 0 0 0 0 2 0 0 0 3
1484551901 34 31 13 36 5 7 0 4 0 0 2 0 0 0 0 2 0 0 0 3
1484560300 34 31 13 36 5 7 0 4 0 0 2 0 0 0 0 2 0 0 0 3
1484568644 34 31 14 36 5 7 0 4 0 0 2 0 0 0 0 2 0 0 0 3
1484615825 34 31 14 36 5 7 0 4 0 0 2 0 0 0 0 2 0 0 0 3
1484643549 34 31 14 36 5 7 0 4 0 0 2 0 0 0 0 2 0 0 0 3
1484725617 34 31 15 36 5 7 0 4 0 0 2 0 0 0 0 2 0 0 0 3
1484749953 34 31 15 36 6 7 0 4 0 0 2 0 0 0 0 2 0 0 0 3
1484756264 34 31 16 36 6 7 0 4 0 0 2 0 0 0 0 2 0 0 0 3
1484805827 34 31 17 36 6 7 0 4 0 0 2 0 0 0 0 2 0 0 0 3
1484894916 34 32 17 36 6 7 0 4 0 0 2 0 0 0 0 2 0 0 0 3
1484896415 34 33 17 36 6 7 0 4 0 0 2 0 0 0 0 2 0 0 0 3
1484900269 34 33 17 36 6 7 0 4 0 0 2 0 0 0 0 2 0 0 0 3
1484901741 34 34 17 36 6 7 0 4 0 0 2 0 0 0 0 2 0 0 0 3
1484916839 34 35 17 36 6 7 0 4 0 0 2 0 0 0 0 2 0 0 0 3
1484965487 35 35 17 36 6 7 0 4 0 0 2 0 0 0 0 2 0 0 0 3
1485076901 36 35 17 36 6 7 0 4 0 0 2 0 0 0 0 2 0 0 0 3
1485078961 37 35 17 36 6 7 0 4 0 0 2 0 0 0 0 2 0 0 0 3
1485090185 37 35 17 36 7 7 0 4 0 0 2 0 0 0 0 2 0 0 0 3
1485145667 38 35 17 36 7 7 0 4 0 0 2 0 0 0 0 2 0 0 0 3
1485151176 38 35 17 36 7 7 0 4 0 0 2 0 0 0 0 2 0 0 0 3
1485157098 39 35 17 36 7 7 0 4 0 0 2 0 0 0 0 2 0 0 0 3
1485159004 39 36 17 36 7 7 0 4 0 0 2 0 0 0 0 2 0 0 0 3
1485235690 39 36 17 36 7 7 0 4 0 0 2 0 0 0 0 2 0 0 0 3
1485241030 39 37 17 36 7 7 0 4 0 0 2 0 0 0 0 2 0 0 0 3
1485275710 39 38 17 36 7 7 0 4 0 0 2 0 0 0 0 2 0 0 0 3
1485421095 39 39 17 36 7 7 0 4 0 0 2 0 0 0 0 2 0 0 0 3
1486112697 39 40 17 36 7 7 0 4 0 0 2 0 0 0 0 2 0 0 0 3
1486113404 39 40 17 36 8 7 0 4 0 0 2 0 0 0 0 2 0 0 0 3
1486361370 40 40 17 36 8 7 0 4 0 0 2 0 0 0 0 2 0 0 0 3
1486365919 41 40 17 36 8 7 0 4 0 0 2 0 0 0 0 2 0 0 0 3
1486374261 42 40 17 36 8 7 0 4 0 0 2 0 0 0 0 2 0 0 0 3
1486374318 43 40 17 36 8 7 0 4 0 0 2 0 0 0 0 2 0 0 0 3
1486378519 44 40 17 36 8 7 0 4 0 0 2 0 0 0 0 2 0 0 0 3
1486378539 44 41 17 36 8 7 0 4 0 0 2 0 0 0 0 2 0 0 0 3
1486453291 44 41 17 37 8 7 0 4 0 0 2 0 0 0 0 2 0 0 0 3
1486461586 44 41 17 37 8 8 0 4 0 0 2 0 0 0 0 2 0 0 0 3
1486462012 44 41 17 38 8 8 0 4 0 0 2 0 0 0 0 2 0 0 0 3
1486467155 44 42 17 38 8 8 0 4 0 0 2 0 0 0 0 2 0 0 0 3
1486467259 44 42 17 38 8 8 0 4 0 0 2 0 0 0 0 2 0 0 0 3
1486471510 44 43 17 38 8 8 0 4 0 0 2 0 0 0 0 2 0 0 0 3
1486474501 44 44 17 38 8 8 0 4 0 0 2 0 0 0 0 2 0 0 0 3
1486476258 44 44 17 39 8 8 0 4 0 0 2 0 0 0 0 2 0 0 0 3
1486476516 44 44 17 39 9 8 0 4 0 0 2 0 0 0 0 2 0 0 0 3
1486524885 44 44 18 39 9 8 0 4 0 0 2 0 0 0 0 2 0 0 0 3
1486526540 45 44 18 39 9 8 0 4 0 0 2 0 0 0 0 2 0 0 0 3
1486543519 46 44 18 39 9 8 0 4 0 0 2 0 0 0 0 2 0 0 0 3
1486544545 46 44 18 40 9 8 0 4 0 0 2 0 0 0 0 2 0 0 0 3
1486547550 46 45 18 40 9 8 0 4 0 0 2 0 0 0 0 2 0 0 0 3
1486576133 46 45 18 41 9 8 0 4 0 0 2 0 0 0 0 2 0 0 0 3
1486634180 47 45 18 41 9 8 0 4 0 0 2 0 0 0 0 2 0 0 0 3
1486638471 48 45 18 41 9 8 0 4 0 0 2 0 0 0 0 2 0 0 0 3
1486638713 49 45 18 41 9 8 0 4 0 0 2 0 0 0 0 2 0 0 0 3
1486708830 49 45 18 41 9 9 0 4 0 0 2 0 0 0 0 2 0 0 0 3
1486708913 49 45 19 41 9 9 0 4 0 0 2 0 0 0 0 2 0 0 0 3
1486789435 49 46 19 41 9 9 0 4 0 0 2 0 0 0 0 2 0 0 0 3
1486794229 49 47 19 41 9 9 0 4 0 0 2 0 0 0 0 2 0 0 0 3
1486828705 49 48 19 41 9 9 0 4 0 0 2 0 0 0 0 2 0 0 0 3
1486836834 50 48 19 41 9 9 0 4 0 0 2 0 0 0 0 2 0 0 0 3
1486877770 51 48 19 41 9 9 0 4 0 0 2 0 0 0 0 2 0 0 0 3
1486906745 51 48 19 41 10 9 0 4 0 0 2 0 0 0 0 2 0 0 0 3
1486950998 51 48 20 41 10 9 0 4 0 0 2 0 0 0 0 2 0 0 0 3
1486951854 51 48 21 41 10 9 0 4 0 0 2 0 0 0 0 2 0 0 0 3
1486963948 51 49 21 41 10 9 0 4 0 0 2 0 0 0 0 2 0 0 0 3
1486975640 51 49 22 41 10 9 0 4 0 0 2 0 0 0 0 2 0 0 0 3
1486979486 51 50 22 41 10 9 0 4 0 0 2 0 0 0 0 2 0 0 0 3
1486984199 52 50 22 41 10 9 0 4 0 0 2 0 0 0 0 2 0 0 0 3
1486998466 52 50 22 41 10 9 0 4 0 0 2 0 0 0 0 2 0 0 0 3
1486999645 52 50 22 41 10 10 0 4 0 0 2 0 0 0 0 2 0 0 0 3
1486999698 52 51 22 41 10 10 0 4 0 0 2 0 0 0 0 2 0 0 0 3
1487046078 52 51 23 41 10 10 0 4 0 0 2 0 0 0 0 2 0 0 0 3
1487046675 53 51 23 41 10 10 0 4 0 0 2 0 0 0 0 2 0 0 0 3
1487127812 54 51 23 41 10 10 0 4 0 0 2 0 0 0 0 2 0 0 0 3
1487146679 55 51 23 41 10 10 0 4 0 0 2 0 0 0 0 2 0 0 0 3
1487154351 55 52 23 41 10 10 0 4 0 0 2 0 0 0 0 2 0 0 0 3
1487157296 55 52 24 41 10 10 0 4 0 0 2 0 0 0 0 2 0 0 0 3
1487163348 56 52 24 41 10 10 0 4 0 0 2 0 0 0 0 2 0 0 0 3
1487213133 56 52 24 42 10 10 0 4 0 0 2 0 0 0 0 2 0 0 0 3
1487213572 56 52 24 42 10 11 0 4 0 0 2 0 0 0 0 2 0 0 0 3
1487255546 56 52 24 42 10 11 0 4 0 0 2 0 0 0 0 2 0 0 0 3
1487323163 56 52 25 42 10 11 0 4 0 0 2 0 0 0 0 2 0 0 0 3
1487380277 56 53 25 42 10 11 0 4 0 0 2 0 0 0 0 2 0 0 0 3
1487432117 56 53 26 42 10 11 0 4 0 0 2 0 0 0 0 2 0 0 0 3
1487522445 56 53 27 42 10 11 0 4 0 0 2 0 0 0 0 2 0 0 0 3
1487652840 56 53 27 42 10 11 0 4 0 0 2 0 0 0 0 2 0 0 0 3
1487680385 57 53 27 42 10 11 0 4 0 0 2 0 0 0 0 2 0 0 0 3
1487680460 57 53 27 42 10 11 0 4 0 0 2 0 0 0 0 2 0 0 0 3
1487744243 57 53 27 42 10 12 0 4 0 0 2 0 0 0 0 2 0 0 0 3
1487820425 58 53 27 42 10 12 0 4 0 0 2 0 0 0 0 2 0 0 0 3
1487831519 58 54 27 42 10 12 0 4 0 0 2 0 0 0 0 2 0 0 0 3
1487831980 58 54 27 42 11 12 0 4 0 0 2 0 0 0 0 2 0 0 0 3
1487912212 58 54 27 43 11 12 0 4 0 0 2 0 0 0 0 2 0 0 0 3
1487926221 58 54 28 43 11 12 0 4 0 0 2 0 0 0 0 2 0 0 0 3
1487958793 59 54 28 43 11 12 0 4 0 0 2 0 0 0 0 2 0 0 0 3
1488024613 59 54 28 43 11 12 0 4 0 0 2 0 0 0 0 2 0 0 0 3
1488031675 59 54 28 44 11 12 0 4 0 0 2 0 0 0 0 2 0 0 0 3
1488116359 59 54 28 44 11 12 0 4 0 0 2 0 0 0 0 2 0 0 0 3
1488118242 59 54 28 44 11 12 0 4 0 0 2 0 0 0 0 2 0 0 0 3
1488165828 60 54 28 44 11 12 0 4 0 0 2 0 0 0 0 2 0 0 0 3
1488165887 60 54 28 45 11 12 0 4 0 0 2 0 0 0 0 2 0 0 0 3
1488188488 60 55 28 45 11 12 0 4 0 0 2 0 0 0 0 2 0 0 0 3
1488191345 60 56 28 45 11 12 0 4 0 0 2 0 0 0 0 2 0 0 0 3
1488212552 60 56 28 45 11 12 0 4 0 0 2 0 0 0 0 2 1 0 0 3
1488264576 60 56 29 45 11 12 0 4 0 0 2 0 0 0 0 2 1 0 0 3
1488284802 60 57 29 45 11 12 0 4 0 0 2 0 0 0 0 2 1 0 0 3
1488338366 60 57 30 45 11 12 0 4 0 0 2 0 0 0 0 2 1 0 0 3
1488338391 61 57 30 45 11 12 0 4 0 0 2 0 0 0 0 2 1 0 0 3
1488350762 61 57 30 45 12 12 0 4 0 0 2 0 0 0 0 2 1 0 0 3
1488377047 61 57 30 45 12 12 0 4 0 0 2 0 0 0 0 2 2 0 0 3
1488390109 61 57 30 46 12 12 0 4 0 0 2 0 0 0 0 2 2 0 0 3
1488462030 61 57 30 46 12 12 0 4 0 0 2 0 0 0 0 2 2 0 0 3
1488462055 61 58 30 46 12 12 0 4 0 0 2 0 0 0 0 2 2 0 0 3
1488467144 61 58 30 46 12 12 0 4 0 0 2 0 0 0 0 2 3 0 0 3
1488555841 61 58 31 46 12 12 0 4 0 0 2 0 0 0 0 2 3 0 0 3
1488701832 61 58 31 46 12 12 0 4 0 0 2 0 0 0 0 2 3 0 0 3
1488701883 62 58 31 46 12 12 0 4 0 0 2 0 0 0 0 2 3 0 0 3
1488709196 62 58 32 46 12 12 0 4 0 0 2 0 0 0 0 2 3 0 0 3
1488730298 62 58 33 46 12 12 0 4 0 0 2 0 0 0 0 2 3 0 0 3
1488787264 62 58 33 46 12 12 0 4 0 0 2 0 0 0 0 2 3 0 0 3
1488808559 62 59 33 46 12 12 0 4 0 0 2 0 0 0 0 2 3 0 0 3
1488821126 62 59 33 47 12 12 0 4 0 0 2 0 0 0 0 2 3 0 0 3
1488867509 63 59 33 47 12 12 0 4 0 0 2 0 0 0 0 2 3 0 0 3
1488887214 64 59 33 47 12 12 0 4 0 0 2 0 0 0 0 2 3 0 0 3
1488887675 64 60 33 47 12 12 0 4 0 0 2 0 0 0 0 2 3 0 0 3
1488944852 64 60 33 47 12 12 0 4 0 0 2 0 0 0 0 2 3 0 0 3
1488955134 64 61 33 47 12 12 0 4 0 0 2 0 0 0 0 2 3 0 0 3
1489136730 64 61 33 47 12 12 0 4 0 0 2 0 0 0 0 2 3 0 0 3
1489138047 64 62 33 47 12 12 0 4 0 0 2 0 0 0 0 2 3 0 0 3
1489138091 64 62 33 47 12 12 0 4 0 0 2 0 0 0 0 2 3 0 0 3
1489138352 64 62 33 47 13 12 0 4 0 0 2 0 0 0 0 2 3 0 0 3
1489146356 64 62 34 47 13 12 0 4 0 0 2 0 0 0 0 2 3 0 0 3
1489146394 64 62 34 48 13 12 0 4 0 0 2 0 0 0 0 2 3 0 0 3
1489208995 64 62 34 49 13 12 0 4 0 0 2 0 0 0 0 2 3 0 0 3
1489406420 64 63 34 49 13 12 0 4 0 0 2 0 0 0 0 2 3 0 0 3
1489420817 64 63 34 49 13 12 0 4 0 0 2 0 0 0 0 2 3 0 0 3
1489470296 64 63 35 49 13 12 0 4 0 0 2 0 0 0 0 2 3 0 0 3
1489474993 64 63 35 49 13 12 0 4 0 0 2 0 0 0 0 2 3 0 0 3
1489475152 64 63 35 49 13 12 0 4 0 0 2 0 0 0 0 2 3 0 0 3
1489480614 64 63 36 49 13 12 0 4 0 0 2 0 0 0 0 2 3 0 0 3
1489497060 64 63 36 49 13 12 0 4 1 0 2 0 0 0 0 2 3 0 0 3
1489659112 64 63 37 49 13 12 0 4 1 0 2 0 0 0 0 2 3 0 0 3
1489721997 64 63 37 49 13 12 0 4 2 0 2 0 0 0 0 2 3 0 0 3
1489851238 64 63 38 49 13 12 0 4 2 0 2 0 0 0 0 2 3 0 0 3
1489851529 64 63 38 49 13 12 0 5 2 0 2 0 0 0 0 2 3 0 0 3
1489976882 64 63 38 49 13 12 0 5 3 0 2 0 0 0 0 2 3 0 0 3
1489978707 65 63 38 49 13 12 0 5 3 0 2 0 0 0 0 2 3 0 0 3
1489985434 65 63 38 49 13 12 0 5 3 0 2 0 0 0 0 2 3 0 0 3
1490085482 65 64 38 49 13 12 0 5 3 0 2 0 0 0 0 2 3 0 0 3
1490093459 65 65 38 49 13 12 0 5 3 0 2 0 0 0 0 2 3 0 0 3
1490178213 65 65 38 49 13 13 0 5 3 0 2 0 0 0 0 2 3 0 0 3
1490178534 65 66 38 49 13 13 0 5 3 0 2 0 0 0 0 2 3 0 0 3
1490178633 65 66 38 49 13 13 0 5 3 0 2 0 0 0 1 2 3 0 0 3
1490194969 65 66 38 49 13 13 0 5 3 0 2 0 0 0 2 2 3 0 0 3
1490195619 65 67 38 49 13 13 0 5 3 0 2 0 0 0 2 2 3 0 0 3
1490245642 65 67 38 49 13 13 0 5 3 0 2 0 0 0 2 2 3 0 0 3
1490255335 65 67 38 49 13 13 0 5 3 0 2 0 0 0 2 2 3 0 0 3
1490255409 65 67 38 49 13 13 0 5 3 0 2 0 0 0 3 2 3 0 0 3
1490327252 65 67 38 49 13 13 0 5 4 0 2 0 0 0 3 2 3 0 0 3
1490346423 65 67 38 49 13 13 0 5 5 0 2 0 0 0 3 2 3 0 0 3
1490350052 66 67 38 49 13 13 0 5 5 0 2 0 0 0 3 2 3 0 0 3
1490413102 66 67 38 49 13 13 0 5 5 0 2 0 0 0 3 2 3 0 0 3
1490633301 66 67 38 49 13 13 0 5 5 0 2 0 0 0 4 2 3 0 0 3
1490675176 66 67 39 49 13 13 0 5 5 0 2 0 0 0 4 2 3 0 0 3
1490677916 66 68 39 49 13 13 0 5 5 0 2 0 0 0 4 2 3 0 0 3
1490695097 67 68 39 49 13 13 0 5 5 0 2 0 0 0 4 2 3 0 0 3
1490762508 67 68 39 49 13 13 0 5 5 0 2 0 0 0 4 2 3 0 0 3
1490768491 68 68 39 49 13 13 0 5 5 0 2 0 0 0 4 2 3 0 0 3
1490776358 69 68 39 49 13 13 0 5 5 0 2 0 0 0 4 2 3 0 0 3
1490799433 69 68 39 49 13 13 0 5 5 0 2 0 0 0 4 2 3 0 0 3
1490863439 69 68 40 49 13 13 0 5 5 0 2 0 0 0 4 2 3 0 0 3
1490932644 70 68 40 49 13 13 0 5 5 0 2 0 0 0 4 2 3 0 0 3
1491025171 70 68 40 49 13 13 0 5 5 0 2 0 0 0 4 2 3 0 0 3
1491041894 71 68 40 49 13 13 0 5 5 0 2 0 0 0 4 2 3 0 0 3
1491058685 71 68 40 49 13 13 0 5 5 0 2 0 0 0 4 2 3 0 0 3
1491446692 71 68 40 49 13 13 1 5 5 0 2 0 0 0 4 2 3 0 0 3
1491795511 72 68 40 49 13 13 1 5 5 0 2 0 0 0 4 2 3 0 0 3
1491840710 72 68 40 50 13 13 1 5 5 0 2 0 0 0 4 2 3 0 0 3
1491882510 73 68 40 50 13 13 1 5 5 0 2 0 0 0 4 2 3 0 0 3
1491897501 74 68 40 50 13 13 1 5 5 0 2 0 0 0 4 2 3 0 0 3
1491898392 74 68 40 51 13 13 1 5 5 0 2 0 0 0 4 2 3 0 0 3
1491990138 74 68 40 51 13 13 1 5 5 0 2 0 0 0 4 2 3 0 0 3
1492097713 75 68 40 51 13 13 1 5 5 0 2 0 0 0 4 2 3 0 0 3
1492138295 75 69 40 51 13 13 1 5 5 0 2 0 0 0 4 2 3 0 0 3
1492138349 75 69 41 51 13 13 1 5 5 0 2 0 0 0 4 2 3 0 0 3
1492185262 76 69 41 51 13 13 1 5 5 0 2 0 0 0 4 2 3 0 0 3
1492224419 76 69 42 51 13 13 1 5 5 0 2 0 0 0 4 2 3 0 0 3
1492360171 76 69 42 51 13 13 1 5 5 0 2 0 0 0 4 2 3 0 0 3
1492423102 76 69 42 51 13 13 1 5 5 0 2 0 1 0 4 2 3 0 0 3
1492670922 76 69 42 51 13 13 1 5 5 0 2 0 2 0 4 2 3 0 0 3
1492872018 76 69 42 51 13 13 1 5 5 0 2 0 2 1 4 2 3 0 0 3
1493091959 76 69 42 51 13 13 2 5 5 0 2 0 2 1 4 2 3 0 0 3
1493097795 76 69 42 51 13 13 3 5 5 0 2 0 2 1 4 2 3 0 0 3
1493101455 76 69 42 51 13 13 3 5 5 0 2 0 2 2 4 2 3 0 0 3
1493105464 76 69 42 51 13 13 3 5 5 0 2 0 2 3 4 2 3 0 0 3
1493137266 76 69 42 51 13 13 3 5 5 0 2 0 2 4 4 2 3 0 0 3
1493257233 76 69 43 51 13 13 3 5 5 0 2 0 2 4 4 2 3 0 0 3
1493370103 77 69 43 51 13 13 3 5 5 0 2 0 2 4 4 2 3 0 0 3
1493381014 77 70 43 51 13 13 3 5 5 0 2 0 2 4 4 2 3 0 0 3
1493797290 77 70 43 51 13 13 3 5 5 0 2 0 2 4 4 2 3 0 0 3
1493822271 77 71 43 51 13 13 3 5 5 0 2 0 2 4 4 2 3 0 0 3
1493871574 77 72 43 51 13 13 3 5 5 0 2 0 2 4 4 2 3 0 0 3
1493885013 77 73 43 51 13 13 3 5 5 0 2 0 2 4 4 2 3 0 0 3
1493918675 77 74 43 51 13 13 3 5 5 0 2 0 2 4 4 2 3 0 0 3
1493918709 77 75 43 51 13 13 3 5 5 0 2 0 2 4 4 2 3 0 0 3
1493992929 77 76 43 51 13 13 3 5 5 0 2 0 2 4 4 2 3 0 0 3
1494168354 77 77 43 51 13 13 3 5 5 0 2 0 2 4 4 2 3 0 0 3
1494168654 77 77 43 51 13 13 3 5 5 0 2 0 3 4 4 2 3 0 0 3
1494249900 77 77 43 51 13 13 3 5 5 0 2 0 3 4 4 2 3 0 0 3
1494259741 77 77 43 51 13 13 3 5 5 0 2 0 3 4 4 2 3 0 0 3
1494301990 77 78 43 51 13 13 3 5 5 0 2 0 3 4 4 2 3 0 0 3
1494397932 77 78 43 51 13 13 4 5 5 0 2 0 3 4 4 2 3 0 0 3
1494413961 77 78 43 51 13 13 4 5 5 0 2 0 3 4 4 2 3 0 0 3
1494483721 77 78 43 52 13 13 4 5 5 0 2 0 3 4 4 2 3 0 0 3
1494512736 77 78 43 52 13 13 4 5 5 1 2 0 3 4 4 2 3 0 0 3
1494682354 77 78 43 52 13 13 4 5 5 1 2 0 3 4 4 2 3 0 0 3
1494763263 77 78 43 52 13 13 4 5 5 1 2 1 3 4 4 2 3 0 0 3
1494917287 77 78 43 52 13 13 4 5 5 1 2 1 3 4 4 2 3 0 0 3
1494951182 77 78 43 52 13 13 4 5 5 1 2 1 3 4 4 2 3 1 0 3
1494951625 77 79 43 52 13 13 4 5 5 1 2 1 3 4 4 2 3 1 0 3
1494990249 77 79 43 52 13 13 4 5 5 1 2 1 3 4 4 2 3 2 0 3
1495004119 78 79 43 52 13 13 4 5 5 1 2 1 3 4 4 2 3 2 0 3
1495015267 79 79 43 52 13 13 4 5 5 1 2 1 3 4 4 2 3 2 0 3
1495023202 79 79 43 52 13 13 4 5 5 1 2 1 3 4 4 2 3 2 0 3
1495023267 79 79 43 52 13 13 4 5 5 1 2 1 3 4 4 2 3 2 0 3
1495023361 79 79 43 52 13 13 5 5 5 1 2 1 3 4 4 2 3 2 0 3
1495023405 79 79 43 52 13 13 6 5 5 1 2 1 3 4 4 2 3 2 0 3
1495032453 79 79 43 52 13 13 6 5 5 1 2 1 3 4 4 2 3 3 0 3
1495079938 79 79 43 52 13 13 6 5 5 1 2 1 3 4 4 2 3 3 0 3
1495247462 80 79 43 52 13 13 6 5 5 1 2 1 3 4 4 2 3 3 0 3
1495523780 80 79 43 52 13 13 6 5 5 1 2 2 3 4 4 2 3 3 0 3
1495881060 80 79 43 52 13 13 6 5 5 1 2 2 3 4 4 2 3 3 0 3
1495881106 81 79 43 52 13 13 6 5 5 1 2 2 3 4 4 2 3 3 0 3
1495881394 81 79 43 52 13 13 6 5 5 1 2 2 3 4 4 2 3 3 0 3
1495881511 81 79 43 52 13 13 6 5 5 2 2 2 3 4 4 2 3 3 0 3
1495881633 81 79 43 52 13 13 7 5 5 2 2 2 3 4 4 2 3 3 0 3
1495881678 81 79 43 52 13 13 7 5 5 3 2 2 3 4 4 2 3 3 0 3
1495995072 82 79 43 52 13 13 7 5 5 3 2 2 3 4 4 2 3 3 0 3
1496368942 83 79 43 52 13 13 7 5 5 3 2 2 3 4 4 2 3 3 0 3
1496400582 83 79 43 52 13 13 7 5 5 3 2 3 3 4 4 2 3 3 0 3
1496409566 83 80 43 52 13 13 7 5 5 3 2 3 3 4 4 2 3 3 0 3
1496419057 83 81 43 52 13 13 7 5 5 3 2 3 3 4 4 2 3 3 0 3
1496635889 83 81 44 52 13 13 7 5 5 3 2 3 3 4 4 2 3 3 0 3
1496892490 83 81 45 52 13 13 7 5 5 3 2 3 3 4 4 2 3 3 0 3
1496910683 83 81 45 52 13 13 7 5 5 3 2 3 3 4 4 2 3 3 0 3
1496975904 83 82 45 52 13 13 7 5 5 3 2 3 3 4 4 2 3 3 0 3
1497008237 83 83 45 52 13 13 7 5 5 3 2 3 3 4 4 2 3 3 0 3
1497103435 83 83 45 53 13 13 7 5 5 3 2 3 3 4 4 2 3 3 0 3
1497108422 83 83 45 53 13 13 7 5 5 3 2 3 3 4 4 2 3 3 0 3
1497191288 83 83 45 53 13 13 7 5 5 4 2 3 3 4 4 2 3 3 0 3
1497244076 83 83 45 53 13 13 7 5 5 4 2 3 3 4 4 2 3 3 0 3
1497251688 83 83 45 54 13 13 7 5 5 4 2 3 3 4 4 2 3 3 0 3
1497262595 83 83 45 54 13 13 7 5 5 4 2 3 3 4 4 2 3 3 0 3
1497262625 83 83 45 55 13 13 7 5 5 4 2 3 3 4 4 2 3 3 0 3
1497289239 83 84 45 55 13 13 7 5 5 4 2 3 3 4 4 2 3 3 0 3
1497338393 83 84 46 55 13 13 7 5 5 4 2 3 3 4 4 2 3 3 0 3
1497348233 83 84 46 56 13 13 7 5 5 4 2 3 3 4 4 2 3 3 0 3
1497412893 83 84 46 56 13 13 7 5 5 4 2 3 4 4 4 2 3 3 0 3
1497532378 83 84 46 56 13 13 7 5 5 4 2 3 4 4 4 2 3 3 0 3
1497851277 83 84 46 57 13 13 7 5 5 4 2 3 4 4 4 2 3 3 0 3
1497971502 83 84 46 57 13 13 7 5 5 4 2 3 4 4 4 2 3 3 0 3
1498055686 83 84 46 57 13 13 7 5 5 4 2 3 4 4 4 2 3 3 0 3
1498061754 83 84 46 58 13 13 7 5 5 4 2 3 4 4 4 2 3 3 0 3
1498116385 83 84 46 58 13 13 7 5 5 4 2 3 4 4 4 2 3 3 0 3
1498135081 83 85 46 58 13 13 7 5 5 4 2 3 4 4 4 2 3 3 0 3
1498221457 84 85 46 58 13 13 7 5 5 4 2 3 4 4 4 2 3 3 0 3
1498291417 85 85 46 58 13 13 7 5 5 4 2 3 4 4 4 2 3 3 0 3
1498291454 86 85 46 58 13 13 7 5 5 4 2 3 4 4 4 2 3 3 0 3
1498485285 86 85 46 58 13 13 7 5 5 4 2 3 4 4 4 2 3 3 0 3
1498546724 86 85 46 58 13 13 7 5 5 4 2 3 4 4 4 2 3 3 0 3
1498631380 86 85 46 58 13 13 7 5 5 4 2 3 4 4 4 2 3 3 0 3
1499052194 86 85 47 58 13 13 7 5 5 4 2 3 4 4 4 2 3 3 0 3
1499156257 86 85 48 58 13 13 7 5 5 4 2 3 4 4 4 2 3 3 0 3
1499157412 86 85 48 58 13 13 7 5 5 4 2 3 4 4 4 2 3 3 0 3
1499217370 86 86 48 58 13 13 7 5 5 4 2 3 4 4 4 2 3 3 0 3
1499222365 86 86 48 59 13 13 7 5 5 4 2 3 4 4 4 2 3 3 0 3
1499230539 86 86 48 60 13 13 7 5 5 4 2 3 4 4 4 2 3 3 0 3
1500018837 86 86 48 60 13 13 7 5 5 4 2 3 4 4 4 2 3 3 0 3
1500274454 86 87 48 60 13 13 7 5 5 4 2 3 4 4 4 2 3 3 0 3
1500287535 86 88 48 60 13 13 7 5 5 4 2 3 4 4 4 2 3 3 0 3
1500363601 86 88 48 60 13 13 7 5 5 5 2 3 4 4 4 2 3 3 0 3
1500429950 86 88 48 61 13 13 7 5 5 5 2 3 4 4 4 2 3 3 0 3
1500441970 86 88 48 62 13 13 7 5 5 5 2 3 4 4 4 2 3 3 0 3
1500559441 86 88 48 62 13 13 7 5 5 5 2 3 4 4 4 2 3 3 0 3
1500657062 86 88 48 62 13 13 7 5 5 5 2 3 4 4 4 2 3 3 0 3
1500954061 87 88 48 62 13 13 7 5 5 5 2 3 4 4 4 2 3 3 0 3
1500954115 87 88 48 62 13 13 7 5 5 5 2 3 4 4 4 2 3 3 1 3
1501061809 87 89 48 62 13 13 7 5 5 5 2 3 4 4 4 2 3 3 1 3
1501119350 87 90 48 62 13 13 7 5 5 5 2 3 4 4 4 2 3 3 1 3
1501149977 87 91 48 62 13 13 7 5 5 5 2 3 4 4 4 2 3 3 1 3
1501153617 87 91 48 62 13 13 7 5 5 5 2 3 4 4 4 2 3 3 2 3
1501208935 87 91 49 62 13 13 7 5 5 5 2 3 4 4 4 2 3 3 2 3
1501219240 87 91 50 62 13 13 7 5 5 5 2 3 4 4 4 2 3 3 2 3
1501487080 87 91 50 62 13 13 7 5 5 5 2 3 4 4 4 2 3 3 2 3
1501578100 87 92 50 62 13 13 7 5 5 5 2 3 4 4 4 2 3 3 2 3
1501667312 87 92 51 62 13 13 7 5 5 5 2 3 4 4 4 2 3 3 2 3
1501686102 88 92 51 62 13 13 7 5 5 5 2 3 4 4 4 2 3 3 2 3
1501724719 88 92 52 62 13 13 7 5 5 5 2 3 4 4 4 2 3 3 2 3
1501859744 88 92 53 62 13 13 7 5 5 5 2 3 4 4 4 2 3 3 2 3
1502870341 88 92 54 62 13 13 7 5 5 5 2 3 4 4 4 2 3 3 2 3
1502932530 88 92 54 62 13 13 7 5 5 5 2 3 4 4 4 2 3 3 3 3
1503588538 88 92 54 62 13 13 7 5 5 5 2 3 4 4 4 2 3 3 3 3
1504067678 88 92 55 62 13 13 7 5 5 5 2 3 4 4 4 2 3 3 3 3
1504663392 88 92 55 62 13 13 7 5 5 5 2 3 4 4 4 2 3 3 3 3
1504791287 88 92 55 63 13 13 7 5 5 5 2 3 4 4 4 2 3 3 3 3
1505014894 88 92 55 63 13 13 7 5 5 5 3 3 4 4 4 2 3 3 3 3
1505100156 88 92 55 63 13 13 7 5 5 5 3 4 4 4 4 2 3 3 3 3
1505198195 88 92 55 63 13 13 7 5 5 6 3 4 4 4 4 2 3 3 3 3
1505198261 88 92 55 63 13 13 7 5 5 6 3 4 4 4 4 2 3 3 3 3
1505208540 88 92 55 63 13 13 7 5 5 6 4 4 4 4 4 2 3 3 3 3
1505359079 88 92 56 63 13 13 7 5 5 6 4 4 4 4 4 2 3 3 3 3
1505365878 88 92 56 63 13 13 7 5 5 6 4 4 4 4 4 2 3 3 3 3
1505388270 88 92 57 63 13 13 7 5 5 6 4 4 4 4 4 2 3 3 3 3
1505390708 88 92 58 63 13 13 7 5 5 6 4 4 4 4 4 2 3 3 3 3
1505474895 88 92 58 63 13 13 7 5 5 6 5 4 4 4 4 2 3 3 3 3
1505809215 88 92 58 63 13 13 7 5 5 6 5 4 4 4 4 2 3 3 3 3
1506303721 88 92 58 63 13 13 7 6 5 6 5 4 4 4 4 2 3 3 3 3
1506304789 88 92 58 63 13 13 7 6 5 6 5 4 4 4 4 2 3 3 3 3
1507688615 88 92 59 63 13 13 7 6 5 6 5 4 4 4 4 2 3 3 3 3
1507818641 89 92 59 63 13 13 7 6 5 6 5 4 4 4 4 2 3 3 3 3
1508124822 89 92 60 63 13 13 7 6 5 6 5 4 4 4 4 2 3 3 3 3
1508124889 89 92 61 63 13 13 7 6 5 6 5 4 4 4 4 2 3 3 3 3
1508395278 89 92 61 63 13 13 7 6 5 6 5 4 4 4 4 2 3 3 3 3
1508470560 89 92 62 63 13 13 7 6 5 6 5 4 4 4 4 2 3 3 3 3
1508498744 89 93 62 63 13 13 7 6 5 6 5 4 4 4 4 2 3 3 3 3
1508504610 89 93 63 63 13 13 7 6 5 6 5 4 4 4 4 2 3 3 3 3
1508824567 89 94 63 63 13 13 7 6 5 6 5 4 4 4 4 2 3 3 3 3
1509678192 89 94 63 63 13 13 8 6 5 6 5 4 4 4 4 2 3 3 3 3
1509942352 89 94 63 64 13 13 8 6 5 6 5 4 4 4 4 2 3 3 3 3
1510047666 90 94 63 64 13 13 8 6 5 6 5 4 4 4 4 2 3 3 3 3
1510119690 91 94 63 64 13 13 8 6 5 6 5 4 4 4 4 2 3 3 3 3
1510119771 91 94 63 64 13 13 8 6 5 6 5 4 4 4 4 3 3 3 3 3
1510126009 92 94 63 64 13 13 8 6 5 6 5 4 4 4 4 3 3 3 3 3
1510141646 92 94 64 64 13 13 8 6 5 6 5 4 4 4 4 3 3 3 3 3
1510157759 93 94 64 64 13 13 8 6 5 6 5 4 4 4 4 3 3 3 3 3
1510190943 94 94 64 64 13 13 8 6 5 6 5 4 4 4 4 3 3 3 3 3
1510192718 95 94 64 64 13 13 8 6 5 6 5 4 4 4 4 3 3 3 3 3
1510544249 96 94 64 64 13 13 8 6 5 6 5 4 4 4 4 3 3 3 3 3
1510545861 96 94 65 64 13 13 8 6 5 6 5 4 4 4 4 3 3 3 3 3
1510559355 97 94 65 64 13 13 8 6 5 6 5 4 4 4 4 3 3 3 3 3
1510559933 97 94 65 64 13 13 8 6 5 6 5 5 4 4 4 3 3 3 3 3
1510566915 97 94 65 64 13 13 8 6 5 6 5 5 4 4 4 3 3 3 3 3
1510574740 97 94 66 64 13 13 8 6 5 6 5 5 4 4 4 3 3 3 3 3
1510575818 98 94 66 64 13 13 8 6 5 6 5 5 4 4 4 3 3 3 3 3
1510626602 98 94 66 64 13 13 8 6 5 6 5 5 4 4 4 3 3 3 3 3
1510626655 98 94 67 64 13 13 8 6 5 6 5 5 4 4 4 3 3 3 3 3
1510626700 98 94 68 64 13 13 8 6 5 6 5 5 4 4 4 3 3 3 3 3
1510706875 98 94 68 64 13 13 8 6 5 6 5 5 4 4 4 3 3 3 3 3
1510712133 98 94 69 64 13 13 8 6 5 6 5 5 4 4 4 3 3 3 3 3
1510714395 98 94 69 64 13 13 8 6 5 6 5 5 4 4 4 3 3 3 3 3
1511075173 98 94 69 64 13 13 8 6 5 6 5 5 4 4 4 3 3 3 3 3
1511158817 99 94 69 64 13 13 8 6 5 6 5 5 4 4 4 3 3 3 3 3
1511170955 100 94 69 64 13 13 8 6 5 6 5 5 4 4 4 3 3 3 3 3
1511171404 101 94 69 64 13 13 8 6 5 6 5 5 4 4 4 3 3 3 3 3
1511171440 102 94 69 64 13 13 8 6 5 6 5 5 4 4 4 3 3 3 3 3
1511233642 103 94 69 64 13 13 8 6 5 6 5 5 4 4 4 3 3 3 3 3
1511323820 103 94 69 64 13 13 8 6 6 6 5 5 4 4 4 3 3 3 3 3
1511332359 103 94 70 64 13 13 8 6 6 6 5 5 4 4 4 3 3 3 3 3
1511337323 103 94 71 64 13 13 8 6 6 6 5 5 4 4 4 3 3 3 3 3
1511343535 104 94 71 64 13 13 8 6 6 6 5 5 4 4 4 3 3 3 3 3
1511422662 104 94 72 64 13 13 8 6 6 6 5 5 4 4 4 3 3 3 3 3
1511428303 104 94 73 64 13 13 8 6 6 6 5 5 4 4 4 3 3 3 3 3
1511428381 104 94 74 64 13 13 8 6 6 6 5 5 4 4 4 3 3 3 3 3
1511429183 104 94 75 64 13 13 8 6 6 6 5 5 4 4 4 3 3 3 3 3
1511431112 104 94 76 64 13 13 8 6 6 6 5 5 4 4 4 3 3 3 3 3
