1468345190 81
1468391495 127
1468393591 126
1468594914 552
1468605428 544
1468730889 5276
1468744267 5276
1468755527 5276
1468847795 13106
1468849002 13096
1468850639 13101
1468998287 13108
1469597304 13214
1470413383 13400
1470413917 13400
1471018766 13400
1471264673 14153
1471506140 13746
1471506522 13756
1471938117 14335
1472033872 14458
1472444761 14460
1472459402 14519
1472459675 14475
1472466208 14848
1472467155 14847
1472467223 14858
1472469342 14818
1472561418 14758
1472573328 14758
1472574819 14765
1472574912 14772
1472611564 14785
1472623377 14795
1472623481 14801
1472692819 14801
1472719374 14758
1472721252 14822
1472722947 14981
1472728105 16710
1472734396 16804
1472735322 16825
1472741048 16840
1472742704 16661
1472747125 16664
1472782929 16673
1472795898 16704
1472805298 16866
1472834051 16888
1472836029 16888
1472836067 16902
1472837194 16908
1472837451 16906
1472873796 16967
1472972252 17001
1473499493 17001
1473677747 17010
1474001356 17048
1474001473 17057
1474296999 17177
1476615959 17177
1477467904 17194
1477656720 17168
1477658676 17176
1477707080 17239
1477711702 17332
1477721675 17332
1477721761 17339
1478011654 17344
1478013477 17357
1478019696 17359
1478066248 17455
1478072642 17501
1478075419 17500
1478166697 17526
1478240605 17563
1478249740 17566
1478249832 17579
1478574160 17880
1478611840 17767
1478695026 17783
1479363232 17932
1479745151 17919
1479838014 17772
1480731750 17782
1480734990 17781
1482134264 17781
1482147923 17781
1482296047 17788
1482339551 17788
1482339592 17793
1483030312 17804
1483030359 17809
1483798900 18043
1483799505 18043
1483801504 18083
1483804281 18271
1483804951 18271
1483859484 18301
1483861333 18482
1483863416 18646
1483864327 18685
1483888784 18856
1483890051 18968
1483891036 18969
1483891280 19285
1483935718 19285
1483957826 20038
1483958189 20173
1483958596 20174
1483970693 20571
1483976178 20866
1483980495 21785
1483984825 21785
1484032885 22282
1484040551 22609
1484065010 22618
1484066143 22826
1484071658 23517
1484104710 23876
1484105127 24249
1484108304 24308
1484116269 26472
1484148318 24308
1484148401 24267
1484148714 24312
1484148812 24320
1484148909 24425
1484155026 24463
1484157307 24819
1484158518 25621
1484159272 25683
1484202647 26502
1484216007 26146
1484231084 25600
1484281985 25614
1484284594 25986
1484290082 25669
1484290391 25710
1484292527 25754
1484315973 25754
1484325171 25754
1484326312 25754
1484377911 25754
1484538403 25961
1484549563 25961
1484549596 25961
1484551901 25961
1484560300 25970
1484568644 26023
1484615825 26023
1484643549 26054
1484725617 26063
1484749953 26092
1484756264 26311
1484805827 26314
1484894916 26133
1484896415 26130
1484900269 26130
1484901741 26080
1484916839 26022
1484965487 26022
1485076901 26024
1485078961 25968
1485090185 25982
1485145667 25978
1485151176 25976
1485157098 25966
1485159004 25965
1485235690 25982
1485241030 25908
1485275710 25823
1485421095 25824
1486112697 25782
1486113404 25795
1486361370 25894
1486365919 26101
1486374261 24767
1486374318 24767
1486378519 24919
1486378539 24951
1486453291 24426
1486461586 24452
1486462012 24601
1486467155 24450
1486467259 24450
1486471510 24452
1486474501 23339
1486476258 23272
1486476516 23290
1486524885 23327
1486526540 23325
1486543519 23337
1486544545 23440
1486547550 23447
1486576133 23459
1486634180 23465
1486638471 23495
1486638713 23613
1486708830 23699
1486708913 23699
1486789435 23699
1486794229 23820
1486828705 23820
1486836834 23981
1486877770 23981
1486906745 24001
1486950998 24008
1486951854 24008
1486963948 24008
1486975640 24012
1486979486 24034
1486984199 24092
1486998466 24092
1486999645 24159
1486999698 24170
1487046078 24172
1487046675 24172
1487127812 24217
1487146679 24258
1487154351 43915
1487157296 44013
1487163348 44012
1487213133 44041
1487213572 44062
1487255546 44062
1487323163 44063
1487380277 44065
1487432117 44080
1487522445 44086
1487652840 44086
1487680385 44107
1487680460 44107
1487744243 44159
1487820425 44168
1487831519 44126
1487831980 44159
1487912212 44203
1487926221 44202
1487958793 44342
1488024613 44342
1488031675 44401
1488116359 44401
1488118242 44401
1488165828 44603
1488165887 44610
1488188488 44699
1488191345 44699
1488212552 44731
1488264576 44745
1488284802 44692
1488338366 44612
1488338391 44613
1488350762 44633
1488377047 44633
1488390109 44647
1488462030 44667
1488462055 44664
1488467144 44868
1488555841 44878
1488701832 44878
1488701883 45032
1488709196 45045
1488730298 45045
1488787264 45045
1488808559 45045
1488821126 44986
1488867509 44824
1488887214 44843
1488887675 45088
1488944852 45088
1488955134 45076
1489136730 45117
1489138047 45115
1489138091 45112
1489138352 45137
1489146356 45155
1489146394 45155
1489208995 45157
1489406420 45172
1489420817 45172
1489470296 45172
1489474993 45172
1489475152 45177
1489480614 45181
1489497060 45181
1489659112 45183
1489721997 45183
1489851238 45186
1489851529 45186
1489976882 45186
1489978707 45186
1489985434 45186
1490085482 45211
1490093459 45211
1490178213 45232
1490178534 45239
1490178633 45239
1490194969 45239
1490195619 45239
1490245642 45239
1490255335 45239
1490255409 45243
1490327252 45243
1490346423 45243
1490350052 45298
1490413102 45298
1490633301 45296
1490675176 45306
1490677916 45324
1490695097 45333
1490762508 45333
1490768491 45333
1490776358 45340
1490799433 45340
1490863439 45374
1490932644 45363
1491025171 45363
1491041894 45365
1491058685 45365
1491446692 45365
1491795511 45377
1491840710 45422
1491882510 45416
1491897501 45446
1491898392 45507
1491990138 45507
1492097713 45503
1492138295 45523
1492138349 45511
1492185262 45511
1492224419 45515
1492360171 45515
1492423102 45592
1492670922 45607
1492872018 45607
1493091959 45607
1493097795 45607
1493101455 45609
1493105464 45627
1493137266 45627
1493257233 45628
1493370103 45863
1493381014 45894
1493797290 45894
1493822271 45935
1493871574 45967
1493885013 45980
1493918675 45985
1493918709 45985
1493992929 45992
1494168354 45992
1494168654 45998
1494249900 45998
1494259741 45998
1494301990 46003
1494397932 46205
1494413961 46205
1494483721 46228
1494512736 46580
1494682354 46582
1494763263 46582
1494917287 46753
1494951182 46753
1494951625 24770
1494990249 24770
1495004119 25051
1495015267 25051
1495023202 25051
1495023267 25287
1495023361 25393
1495023405 25725
1495032453 25725
1495079938 25725
1495247462 25728
1495523780 25725
1495881060 25725
1495881106 25780
1495881394 25780
1495881511 25999
1495881633 26845
1495881678 27228
1495995072 27267
1496368942 27267
1496400582 27334
1496409566 27335
1496419057 27343
1496635889 27341
1496892490 27370
1496910683 27384
1496975904 27442
1497008237 27360
1497103435 27359
1497108422 27359
1497191288 27554
1497244076 27554
1497251688 27557
1497262595 27557
1497262625 27563
1497289239 27574
1497338393 27589
1497348233 27556
1497412893 27560
1497532378 27560
1497851277 27642
1497971502 28530
1498055686 28544
1498061754 28580
1498116385 28581
1498135081 28582
1498221457 28593
1498291417 28593
1498291454 28593
1498485285 28611
1498546724 28611
1498631380 28609
1499052194 28612
1499156257 28612
1499157412 28659
1499217370 28696
1499222365 28740
1499230539 28771
1500018837 28771
1500274454 28771
1500287535 28775
1500363601 28912
1500429950 29085
1500441970 29101
1500559441 29101
1500657062 29104
1500954061 29228
1500954115 29398
1501061809 29466
1501119350 29490
1501149977 29558
1501153617 29648
1501208935 29649
1501219240 29649
1501487080 29649
1501578100 29675
1501667312 29675
1501686102 29682
1501724719 29682
1501859744 29689
1502870341 29689
1502932530 29992
1503588538 29995
1504067678 29995
1504663392 29995
1504791287 29967
1505014894 30211
1505100156 30492
1505198195 31252
1505198261 31252
1505208540 31282
1505359079 31282
1505365878 31322
1505388270 31284
1505390708 31280
1505474895 31282
1505809215 31282
1506303721 31462
1506304789 31485
1507688615 31490
1507818641 31492
1508124822 31521
1508124889 31557
1508395278 31557
1508470560 31546
1508498744 31591
1508504610 31593
1508824567 31615
1509678192 32049
1509942352 32049
1510047666 32051
1510119690 32051
1510119771 32062
1510126009 32067
1510141646 32068
1510157759 32079
1510190943 32073
1510192718 32085
1510544249 32071
1510545861 32075
1510559355 32075
1510559933 32282
1510566915 32282
1510574740 32282
1510575818 32303
1510626602 32569
1510626655 32569
1510626700 32573
1510706875 33292
1510712133 33244
1510714395 33235
1511075173 33302
1511158817 33320
1511170955 33303
1511171404 33307
1511171440 33196
1511233642 33201
1511323820 33201
1511332359 33541
1511337323 33517
1511343535 33540
1511422662 33524
1511428303 33534
1511428381 33551
1511429183 33551
1511431112 33532
