1468345190 0 0 0 81 0 0 0 0 0 0 0 0 0 0 0 0 0 0 0 0
1468391495 46 0 0 81 0 0 0 0 0 0 0 0 0 0 0 0 0 0 0 0
1468393591 50 0 0 81 0 0 0 0 0 0 0 0 0 0 0 0 0 0 0 0
1468594914 50 0 0 523 0 0 0 0 0 0 0 0 0 0 0 0 0 0 0 0
1468605428 75 0 0 523 0 0 0 0 0 0 0 0 0 0 0 0 0 0 0 0
1468730889 75 0 0 5255 0 0 0 0 0 0 0 0 0 0 0 0 0 0 0 0
1468744267 75 2 0 5255 0 0 0 0 0 0 0 0 0 0 0 0 0 0 0 0
1468755527 75 2 0 5255 1 0 0 0 0 0 0 0 0 0 0 0 0 0 0 0
1468847795 75 2 0 13141 1 0 0 0 0 0 0 0 0 0 0 0 0 0 0 0
1468849002 78 2 0 13141 1 0 0 0 0 0 0 0 0 0 0 0 0 0 0 0
1468850639 78 2 0 13174 1 0 0 0 0 0 0 0 0 0 0 0 0 0 0 0
1468998287 78 2 0 13182 1 0 0 0 0 0 0 0 0 0 0 0 0 0 0 0
1469597304 184 2 0 13182 1 0 0 0 0 0 0 0 0 0 0 0 0 0 0 0
1470413383 184 2 0 13655 1 0 0 0 0 0 0 0 0 0 0 0 0 0 0 0
1470413917 184 2 0 13663 1 0 0 0 0 0 0 0 0 0 0 0 0 0 0 0
1471018766 184 2 0 13663 1 0 0 0 0 0 0 0 0 0 0 0 0 0 0 0
1471264673 184 2 0 13663 1 0 0 0 0 0 0 0 0 0 0 0 0 0 0 0
1471506140 184 305 0 13663 1 0 0 0 0 0 0 0 0 0 0 0 0 0 0 0
1471506522 184 305 0 13663 12 0 0 0 0 0 0 0 0 0 0 0 0 0 0 0
1471938117 184 305 0 13663 12 0 0 0 0 0 0 0 0 0 0 0 0 0 0 0
1472033872 184 305 123 13663 12 0 0 0 0 0 0 0 0 0 0 0 0 0 0 0
1472444761 188 305 123 13663 12 0 0 0 0 0 0 0 0 0 0 0 0 0 0 0
1472459402 247 305 123 13663 12 0 0 0 0 0 0 0 0 0 0 0 0 0 0 0
1472459675 250 305 123 13663 12 0 0 0 0 0 0 0 0 0 0 0 0 0 0 0
1472466208 250 305 123 14045 12 0 0 0 0 0 0 0 0 0 0 0 0 0 0 0
1472467155 256 305 123 14045 12 0 0 0 0 0 0 0 0 0 0 0 0 0 0 0
1472467223 256 305 123 14057 12 0 0 0 0 0 0 0 0 0 0 0 0 0 0 0
1472469342 256 305 127 14057 12 0 0 0 0 0 0 0 0 0 0 0 0 0 0 0
1472561418 260 305 127 14057 12 0 0 0 0 0 0 0 0 0 0 0 0 0 0 0
1472573328 283 305 127 14057 12 0 0 0 0 0 0 0 0 0 0 0 0 0 0 0
1472574819 283 305 127 14072 12 0 0 0 0 0 0 0 0 0 0 0 0 0 0 0
1472574912 283 305 127 14072 12 0 0 0 0 0 0 0 0 0 0 8 0 0 0 0
1472611564 283 305 127 14101 12 0 0 0 0 0 0 0 0 0 0 8 0 0 0 0
1472623377 283 305 141 14101 12 0 0 0 0 0 0 0 0 0 0 8 0 0 0 0
1472623481 283 305 141 14110 12 0 0 0 0 0 0 0 0 0 0 8 0 0 0 0
1472692819 283 305 149 14110 12 0 0 0 0 0 0 0 0 0 0 8 0 0 0 0
1472719374 283 305 149 14142 12 0 0 0 0 0 0 0 0 0 0 8 0 0 0 0
1472721252 283 305 149 14206 12 0 0 0 0 0 0 0 0 0 0 8 0 0 0 0
1472722947 283 305 149 14404 12 0 0 0 0 0 0 0 0 0 0 8 0 0 0 0
1472728105 283 2364 149 14404 12 0 0 0 0 0 0 0 0 0 0 8 0 0 0 0
1472734396 381 2364 149 14404 12 0 0 0 0 0 0 0 0 0 0 8 0 0 0 0
1472735322 381 2364 149 14477 12 0 0 0 0 0 0 0 0 0 0 8 0 0 0 0
1472741048 407 2364 149 14477 12 0 0 0 0 0 0 0 0 0 0 8 0 0 0 0
1472742704 407 2364 149 14484 12 0 0 0 0 0 0 0 0 0 0 8 0 0 0 0
1472747125 407 2364 149 14490 12 0 0 0 0 0 0 0 0 0 0 8 0 0 0 0
1472782929 407 2382 149 14490 12 0 0 0 0 0 0 0 0 0 0 8 0 0 0 0
1472795898 407 2415 149 14490 12 0 0 0 0 0 0 0 0 0 0 8 0 0 0 0
1472805298 407 2596 149 14490 12 0 0 0 0 0 0 0 0 0 0 8 0 0 0 0
1472834051 407 2596 149 14526 12 0 0 0 0 0 0 0 0 0 0 8 0 0 0 0
1472836029 407 2596 149 14526 12 0 0 0 0 0 0 0 0 0 0 8 0 0 0 0
1472836067 407 2613 149 14526 12 0 0 0 0 0 0 0 0 0 0 8 0 0 0 0
1472837194 407 2627 149 14526 12 0 0 0 0 0 0 0 0 0 0 8 0 0 0 0
1472837451 407 2627 149 14542 12 0 0 0 0 0 0 0 0 0 0 8 0 0 0 0
1472873796 407 2716 149 14542 12 0 0 0 0 0 0 0 0 0 0 8 0 0 0 0
1472972252 407 2752 149 14542 12 0 0 0 0 0 0 0 0 0 0 8 0 0 0 0
1473499493 407 2753 149 14542 12 0 0 0 0 0 0 0 0 0 0 8 0 0 0 0
1473677747 407 2753 149 14557 12 0 0 0 0 0 0 0 0 0 0 8 0 0 0 0
1474001356 445 2753 149 14557 12 0 0 0 0 0 0 0 0 0 0 8 0 0 0 0
1474001473 445 2753 149 14557 12 0 0 0 0 0 0 0 0 0 0 18 0 0 0 0
1474296999 445 2753 149 14557 12 0 0 285 0 0 0 0 0 0 0 18 0 0 0 0
1476615959 445 2753 160 14557 12 0 0 285 0 0 0 0 0 0 0 18 0 0 0 0
1477467904 445 3110 160 14557 12 0 0 285 0 0 0 0 0 0 0 18 0 0 0 0
1477656720 445 3538 160 14557 12 0 0 285 0 0 0 0 0 0 0 18 0 0 0 0
1477658676 445 3538 160 14557 21 0 0 285 0 0 0 0 0 0 0 18 0 0 0 0
1477707080 445 3538 160 14557 21 0 0 285 0 0 0 0 0 0 0 18 0 0 0 0
1477711702 445 3538 160 14674 21 0 0 285 0 0 0 0 0 0 0 18 0 0 0 0
1477721675 445 3538 163 14674 21 0 0 285 0 0 0 0 0 0 0 18 0 0 0 0
1477721761 445 3538 163 14674 21 0 0 285 0 0 0 0 0 0 0 18 0 0 0 8
1478011654 445 3538 163 14688 21 0 0 285 0 0 0 0 0 0 0 18 0 0 0 8
1478013477 445 3538 163 14737 21 0 0 285 0 0 0 0 0 0 0 18 0 0 0 8
1478019696 445 3538 163 14746 21 0 0 285 0 0 0 0 0 0 0 18 0 0 0 8
1478066248 445 3669 163 14746 21 0 0 285 0 0 0 0 0 0 0 18 0 0 0 8
1478072642 445 3669 163 14798 21 0 0 285 0 0 0 0 0 0 0 18 0 0 0 8
1478075419 445 3675 163 14798 21 0 0 285 0 0 0 0 0 0 0 18 0 0 0 8
1478166697 445 3783 163 14798 21 0 0 285 0 0 0 0 0 0 0 18 0 0 0 8
1478240605 445 3844 163 14798 21 0 0 285 0 0 0 0 0 0 0 18 0 0 0 8
1478249740 445 3858 163 14798 21 0 0 285 0 0 0 0 0 0 0 18 0 0 0 8
1478249832 445 3858 163 14798 21 0 0 285 0 0 0 0 0 0 0 18 0 0 0 22
1478574160 445 3858 163 15110 21 0 0 285 0 0 0 0 0 0 0 18 0 0 0 22
1478611840 445 3858 163 15110 21 0 0 431 0 0 0 0 0 0 0 18 0 0 0 22
1478695026 445 3889 163 15110 21 0 0 431 0 0 0 0 0 0 0 18 0 0 0 22
1479363232 595 3889 163 15110 21 0 0 431 0 0 0 0 0 0 0 18 0 0 0 22
1479745151 596 3889 163 15110 21 0 0 431 0 0 0 0 0 0 0 18 0 0 0 22
1479838014 606 3889 163 15110 21 0 0 431 0 0 0 0 0 0 0 18 0 0 0 22
1480731750 606 3889 163 15110 21 0 0 431 0 0 0 0 0 0 0 18 0 0 0 33
1480734990 606 3889 177 15110 21 0 0 431 0 0 0 0 0 0 0 18 0 0 0 33
1482147923 606 3891 177 15110 23 0 0 431 0 0 0 0 0 0 0 18 0 0 0 33
1482296047 606 3891 177 15110 31 0 0 431 0 0 0 0 0 0 0 18 0 0 0 33
1482339551 606 3893 177 15110 31 0 0 431 0 0 0 0 0 0 0 18 0 0 0 33
1482339592 606 3893 177 15116 31 0 0 431 0 0 0 0 0 0 0 18 0 0 0 33
1483030312 606 3935 177 15116 31 0 0 431 0 0 0 0 0 0 0 18 0 0 0 33
1483030359 606 3935 177 15122 31 0 0 431 0 0 0 0 0 0 0 18 0 0 0 33
1483798900 606 3935 177 15122 31 239 0 431 0 0 0 0 0 0 0 18 0 0 0 33
1483799505 606 3935 177 15122 31 239 0 431 0 0 0 0 0 0 0 18 0 0 0 33
1483801504 606 3975 177 15122 31 239 0 431 0 0 0 0 0 0 0 18 0 0 0 33
1483804281 794 3975 177 15122 31 239 0 431 0 0 0 0 0 0 0 18 0 0 0 33
1483804951 794 3975 177 15122 31 239 0 431 0 0 0 0 0 0 0 18 0 0 0 33
1483859484 794 3975 177 15122 31 269 0 431 0 0 0 0 0 0 0 18 0 0 0 33
1483861333 794 4156 177 15122 31 269 0 431 0 0 0 0 0 0 0 18 0 0 0 33
1483863416 958 4156 177 15122 31 269 0 431 0 0 0 0 0 0 0 18 0 0 0 33
1483864327 958 4156 177 15122 31 269 0 431 0 0 0 0 0 0 0 18 0 0 0 33
1483888784 1129 4156 177 15122 31 269 0 431 0 0 0 0 0 0 0 18 0 0 0 33
1483890051 1241 4156 177 15122 31 269 0 431 0 0 0 0 0 0 0 18 0 0 0 33
1483891036 1243 4156 177 15122 31 269 0 431 0 0 0 0 0 0 0 18 0 0 0 33
1483891280 1243 4156 177 15122 31 598 0 431 0 0 0 0 0 0 0 18 0 0 0 33
1483935718 1244 4156 177 15122 31 598 0 431 0 0 0 0 0 0 0 18 0 0 0 33
1483957826 1244 4156 177 15934 31 598 0 431 0 0 0 0 0 0 0 18 0 0 0 33
1483958189 1244 4156 177 15934 31 733 0 431 0 0 0 0 0 0 0 18 0 0 0 33
1483958596 1244 4156 177 15934 31 734 0 431 0 0 0 0 0 0 0 18 0 0 0 33
1483970693 1244 4561 177 15934 31 734 0 431 0 0 0 0 0 0 0 18 0 0 0 33
1483976178 1244 4561 177 15934 31 734 0 431 0 0 295 0 0 0 0 18 0 0 0 33
1483980495 1244 4561 177 15934 31 734 0 1359 0 0 295 0 0 0 0 18 0 0 0 33
1483984825 1244 4561 177 15949 31 734 0 1359 0 0 295 0 0 0 0 18 0 0 0 33
1484032885 1244 4561 177 15949 31 734 0 1359 0 0 295 0 0 0 0 18 0 0 0 33
1484040551 1244 4561 504 15949 31 734 0 1359 0 0 295 0 0 0 0 18 0 0 0 33
1484065010 1244 4646 504 15949 31 734 0 1359 0 0 295 0 0 0 0 18 0 0 0 33
1484066143 1244 4646 504 15949 31 942 0 1359 0 0 295 0 0 0 0 18 0 0 0 33
1484071658 1935 4646 504 15949 31 942 0 1359 0 0 295 0 0 0 0 18 0 0 0 33
1484104710 1935 4646 504 15949 31 942 0 1359 0 0 295 0 0 0 0 18 0 0 0 33
1484105127 1935 4646 504 15949 31 942 0 1753 0 0 295 0 0 0 0 18 0 0 0 33
1484108304 2048 4646 504 15949 31 942 0 1753 0 0 295 0 0 0 0 18 0 0 0 33
1484148318 2049 4646 504 15949 31 942 0 1753 0 0 295 0 0 0 0 18 0 0 0 33
1484148401 2067 4646 504 15949 31 942 0 1753 0 0 295 0 0 0 0 18 0 0 0 33
1484148714 2112 4646 504 15949 31 942 0 1753 0 0 295 0 0 0 0 18 0 0 0 33
1484148812 2155 4646 504 15949 31 942 0 1753 0 0 295 0 0 0 0 18 0 0 0 33
1484148909 2155 4646 504 15949 31 942 0 1753 0 0 400 0 0 0 0 18 0 0 0 33
1484155026 2155 4646 504 15988 31 942 0 1753 0 0 400 0 0 0 0 18 0 0 0 33
1484157307 2155 5055 504 15988 31 942 0 1753 0 0 400 0 0 0 0 18 0 0 0 33
1484158518 2155 5055 504 15988 31 942 0 1753 0 0 400 0 0 0 0 18 0 0 0 33
1484159272 2155 5377 504 15988 31 942 0 1753 0 0 400 0 0 0 0 18 0 0 0 33
1484216007 2155 5377 976 15988 31 942 0 1753 0 0 400 0 0 0 0 18 0 0 0 33
1484231084 2155 5377 976 15991 31 942 0 1753 0 0 400 0 0 0 0 18 0 0 0 33
1484281985 2187 5377 976 15991 31 942 0 1753 0 0 400 0 0 0 0 18 0 0 0 33
1484284594 2559 5377 976 15991 31 942 0 1753 0 0 400 0 0 0 0 18 0 0 0 33
1484290082 2564 5377 976 15991 31 942 0 1753 0 0 400 0 0 0 0 18 0 0 0 33
1484290391 2564 5433 976 15991 31 942 0 1753 0 0 400 0 0 0 0 18 0 0 0 33
1484292527 2564 5433 976 16064 31 942 0 1753 0 0 400 0 0 0 0 18 0 0 0 33
1484315973 2564 5434 976 16064 31 942 0 1753 0 0 400 0 0 0 0 18 0 0 0 33
1484325171 2564 5436 976 16064 31 942 0 1753 0 0 400 0 0 0 0 18 0 0 0 33
1484326312 2564 5436 1044 16064 31 942 0 1753 0 0 400 0 0 0 0 18 0 0 0 33
1484377911 2564 5436 1049 16064 31 942 0 1753 0 0 400 0 0 0 0 18 0 0 0 33
1484538403 2564 5436 1432 16064 31 942 0 1753 0 0 400 0 0 0 0 18 0 0 0 33
1484549563 2564 5436 1432 16064 31 942 0 1753 0 0 400 0 0 0 0 18 0 0 0 33
1484549596 2564 5436 1434 16064 31 942 0 1753 0 0 400 0 0 0 0 18 0 0 0 33
1484551901 2565 5436 1434 16064 31 942 0 1753 0 0 400 0 0 0 0 18 0 0 0 33
1484560300 2565 5436 1434 16064 31 942 0 1753 0 0 400 0 0 0 0 18 0 0 0 33
1484568644 2565 5436 1493 16064 31 942 0 1753 0 0 400 0 0 0 0 18 0 0 0 33
1484615825 2565 5436 1493 16064 31 942 0 1753 0 0 400 0 0 0 0 18 0 0 0 33
1484643549 2565 5436 1493 16064 31 942 0 1753 0 0 400 0 0 0 0 18 0 0 0 33
1484725617 2565 5436 1523 16064 31 942 0 1753 0 0 400 0 0 0 0 18 0 0 0 33
1484749953 2565 5436 1523 16064 61 942 0 1753 0 0 400 0 0 0 0 18 0 0 0 33
1484756264 2565 5436 1743 16064 61 942 0 1753 0 0 400 0 0 0 0 18 0 0 0 33
1484805827 2565 5436 1762 16064 61 942 0 1753 0 0 400 0 0 0 0 18 0 0 0 33
1484894916 2565 5476 1762 16064 61 942 0 1753 0 0 400 0 0 0 0 18 0 0 0 33
1484896415 2565 5494 1762 16064 61 942 0 1753 0 0 400 0 0 0 0 18 0 0 0 33
1484900269 2565 5494 1762 16064 61 942 0 1753 0 0 400 0 0 0 0 18 0 0 0 33
1484901741 2565 5498 1762 16064 61 942 0 1753 0 0 400 0 0 0 0 18 0 0 0 33
1484916839 2565 5500 1762 16064 61 942 0 1753 0 0 400 0 0 0 0 18 0 0 0 33
1484965487 2567 5500 1762 16064 61 942 0 1753 0 0 400 0 0 0 0 18 0 0 0 33
1485076901 2574 5500 1762 16064 61 942 0 1753 0 0 400 0 0 0 0 18 0 0 0 33
1485078961 2588 5500 1762 16064 61 942 0 1753 0 0 400 0 0 0 0 18 0 0 0 33
1485090185 2588 5500 1762 16064 76 942 0 1753 0 0 400 0 0 0 0 18 0 0 0 33
1485145667 2598 5500 1762 16064 76 942 0 1753 0 0 400 0 0 0 0 18 0 0 0 33
1485151176 2598 5500 1762 16064 76 942 0 1753 0 0 400 0 0 0 0 18 0 0 0 33
1485157098 2616 5500 1762 16064 76 942 0 1753 0 0 400 0 0 0 0 18 0 0 0 33
1485159004 2616 5501 1762 16064 76 942 0 1753 0 0 400 0 0 0 0 18 0 0 0 33
1485235690 2616 5501 1762 16064 76 942 0 1753 0 0 400 0 0 0 0 18 0 0 0 33
1485241030 2616 5809 1762 16064 76 942 0 1753 0 0 400 0 0 0 0 18 0 0 0 33
1485275710 2616 5823 1762 16064 76 942 0 1753 0 0 400 0 0 0 0 18 0 0 0 33
1485421095 2616 5929 1762 16064 76 942 0 1753 0 0 400 0 0 0 0 18 0 0 0 33
1486112697 2616 5930 1762 16064 76 942 0 1753 0 0 400 0 0 0 0 18 0 0 0 33
1486113404 2616 5930 1762 16064 90 942 0 1753 0 0 400 0 0 0 0 18 0 0 0 33
1486361370 2723 5930 1762 16064 90 942 0 1753 0 0 400 0 0 0 0 18 0 0 0 33
1486365919 3010 5930 1762 16064 90 942 0 1753 0 0 400 0 0 0 0 18 0 0 0 33
1486374261 3010 5930 1762 16064 90 942 0 1753 0 0 400 0 0 0 0 18 0 0 0 33
1486374318 3015 5930 1762 16064 90 942 0 1753 0 0 400 0 0 0 0 18 0 0 0 33
1486378519 3167 5930 1762 16064 90 942 0 1753 0 0 400 0 0 0 0 18 0 0 0 33
1486378539 3167 5967 1762 16064 90 942 0 1753 0 0 400 0 0 0 0 18 0 0 0 33
1486453291 3167 5967 1762 16073 90 942 0 1753 0 0 400 0 0 0 0 18 0 0 0 33
1486461586 3167 5967 1762 16073 90 972 0 1753 0 0 400 0 0 0 0 18 0 0 0 33
1486462012 3167 5967 1762 16224 90 972 0 1753 0 0 400 0 0 0 0 18 0 0 0 33
1486467155 3167 6087 1762 16224 90 972 0 1753 0 0 400 0 0 0 0 18 0 0 0 33
1486467259 3167 6087 1762 16224 90 972 0 1753 0 0 400 0 0 0 0 18 0 0 0 33
1486471510 3167 6089 1762 16224 90 972 0 1753 0 0 400 0 0 0 0 18 0 0 0 33
1486474501 3167 6167 1762 16224 90 972 0 1753 0 0 400 0 0 0 0 18 0 0 0 33
1486476258 3167 6167 1762 16228 90 972 0 1753 0 0 400 0 0 0 0 18 0 0 0 33
1486476516 3167 6167 1762 16228 109 972 0 1753 0 0 400 0 0 0 0 18 0 0 0 33
1486524885 3167 6167 1841 16228 109 972 0 1753 0 0 400 0 0 0 0 18 0 0 0 33
1486526540 3167 6167 1841 16228 109 972 0 1753 0 0 400 0 0 0 0 18 0 0 0 33
1486543519 3191 6167 1841 16228 109 972 0 1753 0 0 400 0 0 0 0 18 0 0 0 33
1486544545 3191 6167 1841 16595 109 972 0 1753 0 0 400 0 0 0 0 18 0 0 0 33
1486547550 3191 6174 1841 16595 109 972 0 1753 0 0 400 0 0 0 0 18 0 0 0 33
1486576133 3191 6174 1841 16652 109 972 0 1753 0 0 400 0 0 0 0 18 0 0 0 33
1486634180 3205 6174 1841 16652 109 972 0 1753 0 0 400 0 0 0 0 18 0 0 0 33
1486638471 3245 6174 1841 16652 109 972 0 1753 0 0 400 0 0 0 0 18 0 0 0 33
1486638713 3364 6174 1841 16652 109 972 0 1753 0 0 400 0 0 0 0 18 0 0 0 33
1486708830 3364 6174 1841 16652 109 1071 0 1753 0 0 400 0 0 0 0 18 0 0 0 33
1486708913 3364 6174 1843 16652 109 1071 0 1753 0 0 400 0 0 0 0 18 0 0 0 33
1486789435 3364 6178 1843 16652 109 1071 0 1753 0 0 400 0 0 0 0 18 0 0 0 33
1486794229 3364 6529 1843 16652 109 1071 0 1753 0 0 400 0 0 0 0 18 0 0 0 33
1486828705 3364 6530 1843 16652 109 1071 0 1753 0 0 400 0 0 0 0 18 0 0 0 33
1486836834 3529 6530 1843 16652 109 1071 0 1753 0 0 400 0 0 0 0 18 0 0 0 33
1486877770 3550 6530 1843 16652 109 1071 0 1753 0 0 400 0 0 0 0 18 0 0 0 33
1486906745 3550 6530 1843 16652 130 1071 0 1753 0 0 400 0 0 0 0 18 0 0 0 33
1486950998 3550 6530 1855 16652 130 1071 0 1753 0 0 400 0 0 0 0 18 0 0 0 33
1486951854 3550 6530 1858 16652 130 1071 0 1753 0 0 400 0 0 0 0 18 0 0 0 33
1486963948 3550 6532 1858 16652 130 1071 0 1753 0 0 400 0 0 0 0 18 0 0 0 33
1486975640 3550 6532 1862 16652 130 1071 0 1753 0 0 400 0 0 0 0 18 0 0 0 33
1486979486 3550 6571 1862 16652 130 1071 0 1753 0 0 400 0 0 0 0 18 0 0 0 33
1486984199 3641 6571 1862 16652 130 1071 0 1753 0 0 400 0 0 0 0 18 0 0 0 33
1486998466 3641 6571 1862 16652 130 1071 0 1753 0 0 400 0 0 0 0 18 0 0 0 33
1486999645 3641 6571 1862 16652 130 1145 0 1753 0 0 400 0 0 0 0 18 0 0 0 33
1486999698 3641 6585 1862 16652 130 1145 0 1753 0 0 400 0 0 0 0 18 0 0 0 33
1487046078 3641 6585 1866 16652 130 1145 0 1753 0 0 400 0 0 0 0 18 0 0 0 33
1487046675 3642 6585 1866 16652 130 1145 0 1753 0 0 400 0 0 0 0 18 0 0 0 33
1487127812 3690 6585 1866 16652 130 1145 0 1753 0 0 400 0 0 0 0 18 0 0 0 33
1487146679 3734 6585 1866 16652 130 1145 0 1753 0 0 400 0 0 0 0 18 0 0 0 33
1487154351 3734 26291 1866 16652 130 1145 0 1753 0 0 400 0 0 0 0 18 0 0 0 33
1487157296 3734 26291 1966 16652 130 1145 0 1753 0 0 400 0 0 0 0 18 0 0 0 33
1487163348 3744 26291 1966 16652 130 1145 0 1753 0 0 400 0 0 0 0 18 0 0 0 33
1487213133 3744 26291 1966 16682 130 1145 0 1753 0 0 400 0 0 0 0 18 0 0 0 33
1487213572 3744 26291 1966 16682 130 1166 0 1753 0 0 400 0 0 0 0 18 0 0 0 33
1487255546 3744 26291 1966 16682 130 1166 0 1753 0 0 400 0 0 0 0 18 0 0 0 33
1487323163 3744 26291 1968 16682 130 1166 0 1753 0 0 400 0 0 0 0 18 0 0 0 33
1487380277 3744 26295 1968 16682 130 1166 0 1753 0 0 400 0 0 0 0 18 0 0 0 33
1487432117 3744 26295 1985 16682 130 1166 0 1753 0 0 400 0 0 0 0 18 0 0 0 33
1487522445 3744 26295 1999 16682 130 1166 0 1753 0 0 400 0 0 0 0 18 0 0 0 33
1487652840 3744 26295 1999 16682 130 1166 0 1753 0 0 400 0 0 0 0 18 0 0 0 33
1487680385 3806 26295 1999 16682 130 1166 0 1753 0 0 400 0 0 0 0 18 0 0 0 33
1487680460 3806 26295 1999 16682 130 1166 0 1753 0 0 400 0 0 0 0 18 0 0 0 33
1487744243 3806 26295 1999 16682 130 1225 0 1753 0 0 400 0 0 0 0 18 0 0 0 33
1487820425 3825 26295 1999 16682 130 1225 0 1753 0 0 400 0 0 0 0 18 0 0 0 33
1487831519 3825 26579 1999 16682 130 1225 0 1753 0 0 400 0 0 0 0 18 0 0 0 33
1487831980 3825 26579 1999 16682 164 1225 0 1753 0 0 400 0 0 0 0 18 0 0 0 33
1487912212 3825 26579 1999 16744 164 1225 0 1753 0 0 400 0 0 0 0 18 0 0 0 33
1487926221 3825 26579 2009 16744 164 1225 0 1753 0 0 400 0 0 0 0 18 0 0 0 33
1487958793 3975 26579 2009 16744 164 1225 0 1753 0 0 400 0 0 0 0 18 0 0 0 33
1488024613 3975 26579 2009 16744 164 1225 0 1753 0 0 400 0 0 0 0 18 0 0 0 33
1488031675 3975 26579 2009 16822 164 1225 0 1753 0 0 400 0 0 0 0 18 0 0 0 33
1488116359 3975 26579 2009 16822 164 1225 0 1753 0 0 400 0 0 0 0 18 0 0 0 33
1488118242 3975 26579 2009 16822 164 1225 0 1753 0 0 400 0 0 0 0 18 0 0 0 33
1488165828 4447 26579 2009 16822 164 1225 0 1753 0 0 400 0 0 0 0 18 0 0 0 33
1488165887 4447 26579 2009 16829 164 1225 0 1753 0 0 400 0 0 0 0 18 0 0 0 33
1488188488 4447 26690 2009 16829 164 1225 0 1753 0 0 400 0 0 0 0 18 0 0 0 33
1488191345 4447 26691 2009 16829 164 1225 0 1753 0 0 400 0 0 0 0 18 0 0 0 33
1488212552 4447 26691 2009 16829 164 1225 0 1753 0 0 400 0 0 0 0 18 32 0 0 33
1488264576 4447 26691 2023 16829 164 1225 0 1753 0 0 400 0 0 0 0 18 32 0 0 33
1488284802 4447 26869 2023 16829 164 1225 0 1753 0 0 400 0 0 0 0 18 32 0 0 33
1488338366 4447 26869 2036 16829 164 1225 0 1753 0 0 400 0 0 0 0 18 32 0 0 33
1488338391 4457 26869 2036 16829 164 1225 0 1753 0 0 400 0 0 0 0 18 32 0 0 33
1488350762 4457 26869 2036 16829 185 1225 0 1753 0 0 400 0 0 0 0 18 32 0 0 33
1488377047 4457 26869 2036 16829 185 1225 0 1753 0 0 400 0 0 0 0 18 33 0 0 33
1488390109 4457 26869 2036 16861 185 1225 0 1753 0 0 400 0 0 0 0 18 33 0 0 33
1488462030 4457 26869 2036 16861 185 1225 0 1753 0 0 400 0 0 0 0 18 33 0 0 33
1488462055 4457 26878 2036 16861 185 1225 0 1753 0 0 400 0 0 0 0 18 33 0 0 33
1488467144 4457 26878 2036 16861 185 1225 0 1753 0 0 400 0 0 0 0 18 237 0 0 33
1488555841 4457 26878 2047 16861 185 1225 0 1753 0 0 400 0 0 0 0 18 237 0 0 33
1488701832 4457 26878 2047 16861 185 1225 0 1753 0 0 400 0 0 0 0 18 237 0 0 33
1488701883 4679 26878 2047 16861 185 1225 0 1753 0 0 400 0 0 0 0 18 237 0 0 33
1488709196 4679 26878 2068 16861 185 1225 0 1753 0 0 400 0 0 0 0 18 237 0 0 33
1488730298 4679 26878 2070 16861 185 1225 0 1753 0 0 400 0 0 0 0 18 237 0 0 33
1488787264 4679 26878 2070 16861 185 1225 0 1753 0 0 400 0 0 0 0 18 237 0 0 33
1488808559 4679 26880 2070 16861 185 1225 0 1753 0 0 400 0 0 0 0 18 237 0 0 33
1488821126 4679 26880 2070 16885 185 1225 0 1753 0 0 400 0 0 0 0 18 237 0 0 33
1488867509 4682 26880 2070 16885 185 1225 0 1753 0 0 400 0 0 0 0 18 237 0 0 33
1488887214 4701 26880 2070 16885 185 1225 0 1753 0 0 400 0 0 0 0 18 237 0 0 33
1488887675 4701 27149 2070 16885 185 1225 0 1753 0 0 400 0 0 0 0 18 237 0 0 33
1488944852 4701 27149 2070 16885 185 1225 0 1753 0 0 400 0 0 0 0 18 237 0 0 33
1488955134 4701 27160 2070 16885 185 1225 0 1753 0 0 400 0 0 0 0 18 237 0 0 33
1489136730 4701 27160 2070 16885 185 1225 0 1753 0 0 400 0 0 0 0 18 237 0 0 33
1489138047 4701 27169 2070 16885 185 1225 0 1753 0 0 400 0 0 0 0 18 237 0 0 33
1489138091 4701 27169 2070 16885 185 1225 0 1753 0 0 400 0 0 0 0 18 237 0 0 33
1489138352 4701 27169 2070 16885 211 1225 0 1753 0 0 400 0 0 0 0 18 237 0 0 33
1489146356 4701 27169 2092 16885 211 1225 0 1753 0 0 400 0 0 0 0 18 237 0 0 33
1489146394 4701 27169 2092 16896 211 1225 0 1753 0 0 400 0 0 0 0 18 237 0 0 33
1489208995 4701 27169 2092 16899 211 1225 0 1753 0 0 400 0 0 0 0 18 237 0 0 33
1489406420 4701 27191 2092 16899 211 1225 0 1753 0 0 400 0 0 0 0 18 237 0 0 33
1489420817 4701 27191 2092 16899 211 1225 0 1753 0 0 400 0 0 0 0 18 237 0 0 33
1489470296 4701 27191 2102 16899 211 1225 0 1753 0 0 400 0 0 0 0 18 237 0 0 33
1489474993 4701 27191 2102 16899 211 1225 0 1753 0 0 400 0 0 0 0 18 237 0 0 33
1489475152 4701 27191 2102 16899 211 1225 0 1753 0 0 400 0 0 0 0 18 237 0 0 33
1489480614 4701 27191 2148 16899 211 1225 0 1753 0 0 400 0 0 0 0 18 237 0 0 33
1489497060 4701 27191 2148 16899 211 1225 0 1753 1 0 400 0 0 0 0 18 237 0 0 33
1489659112 4701 27191 2255 16899 211 1225 0 1753 1 0 400 0 0 0 0 18 237 0 0 33
1489721997 4701 27191 2255 16899 211 1225 0 1753 3 0 400 0 0 0 0 18 237 0 0 33
1489851238 4701 27191 2258 16899 211 1225 0 1753 3 0 400 0 0 0 0 18 237 0 0 33
1489851529 4701 27191 2258 16899 211 1225 0 1785 3 0 400 0 0 0 0 18 237 0 0 33
1489976882 4701 27191 2258 16899 211 1225 0 1785 4 0 400 0 0 0 0 18 237 0 0 33
1489978707 4704 27191 2258 16899 211 1225 0 1785 4 0 400 0 0 0 0 18 237 0 0 33
1489985434 4704 27191 2258 16899 211 1225 0 1785 4 0 400 0 0 0 0 18 237 0 0 33
1490085482 4704 27225 2258 16899 211 1225 0 1785 4 0 400 0 0 0 0 18 237 0 0 33
1490093459 4704 27227 2258 16899 211 1225 0 1785 4 0 400 0 0 0 0 18 237 0 0 33
1490178213 4704 27227 2258 16899 211 1246 0 1785 4 0 400 0 0 0 0 18 237 0 0 33
1490178534 4704 27239 2258 16899 211 1246 0 1785 4 0 400 0 0 0 0 18 237 0 0 33
1490178633 4704 27239 2258 16899 211 1246 0 1785 4 0 400 0 0 0 5 18 237 0 0 33
1490194969 4704 27239 2258 16899 211 1246 0 1785 4 0 400 0 0 0 10 18 237 0 0 33
1490195619 4704 27243 2258 16899 211 1246 0 1785 4 0 400 0 0 0 10 18 237 0 0 33
1490245642 4704 27243 2258 16899 211 1246 0 1785 4 0 400 0 0 0 10 18 237 0 0 33
1490255335 4704 27243 2258 16899 211 1246 0 1785 4 0 400 0 0 0 10 18 237 0 0 33
1490255409 4704 27243 2258 16899 211 1246 0 1785 4 0 400 0 0 0 25 18 237 0 0 33
1490327252 4704 27243 2258 16899 211 1246 0 1785 5 0 400 0 0 0 25 18 237 0 0 33
1490346423 4704 27243 2258 16899 211 1246 0 1785 6 0 400 0 0 0 25 18 237 0 0 33
1490350052 4759 27243 2258 16899 211 1246 0 1785 6 0 400 0 0 0 25 18 237 0 0 33
1490413102 4759 27243 2258 16899 211 1246 0 1785 6 0 400 0 0 0 25 18 237 0 0 33
1490633301 4759 27243 2258 16899 211 1246 0 1785 6 0 400 0 0 0 41 18 237 0 0 33
1490675176 4759 27243 2268 16899 211 1246 0 1785 6 0 400 0 0 0 41 18 237 0 0 33
1490677916 4759 27267 2268 16899 211 1246 0 1785 6 0 400 0 0 0 41 18 237 0 0 33
1490695097 4773 27267 2268 16899 211 1246 0 1785 6 0 400 0 0 0 41 18 237 0 0 33
1490762508 4773 27267 2268 16899 211 1246 0 1785 6 0 400 0 0 0 41 18 237 0 0 33
1490768491 4776 27267 2268 16899 211 1246 0 1785 6 0 400 0 0 0 41 18 237 0 0 33
1490776358 4787 27267 2268 16899 211 1246 0 1785 6 0 400 0 0 0 41 18 237 0 0 33
1490799433 4787 27267 2268 16899 211 1246 0 1785 6 0 400 0 0 0 41 18 237 0 0 33
1490863439 4787 27267 2315 16899 211 1246 0 1785 6 0 400 0 0 0 41 18 237 0 0 33
1490932644 4787 27267 2315 16899 211 1246 0 1785 6 0 400 0 0 0 41 18 237 0 0 33
1491025171 4787 27267 2315 16899 211 1246 0 1785 6 0 400 0 0 0 41 18 237 0 0 33
1491041894 4789 27267 2315 16899 211 1246 0 1785 6 0 400 0 0 0 41 18 237 0 0 33
1491058685 4789 27267 2315 16899 211 1246 0 1785 6 0 400 0 0 0 41 18 237 0 0 33
1491446692 4789 27267 2315 16899 211 1246 1 1785 6 0 400 0 0 0 41 18 237 0 0 33
1491795511 4807 27267 2315 16899 211 1246 1 1785 6 0 400 0 0 0 41 18 237 0 0 33
1491840710 4807 27267 2315 16951 211 1246 1 1785 6 0 400 0 0 0 41 18 237 0 0 33
1491882510 4807 27267 2315 16951 211 1246 1 1785 6 0 400 0 0 0 41 18 237 0 0 33
1491897501 4842 27267 2315 16951 211 1246 1 1785 6 0 400 0 0 0 41 18 237 0 0 33
1491898392 4842 27267 2315 17015 211 1246 1 1785 6 0 400 0 0 0 41 18 237 0 0 33
1491990138 4842 27267 2315 17015 211 1246 1 1785 6 0 400 0 0 0 41 18 237 0 0 33
1492097713 4847 27267 2315 17015 211 1246 1 1785 6 0 400 0 0 0 41 18 237 0 0 33
1492138295 4847 27287 2315 17015 211 1246 1 1785 6 0 400 0 0 0 41 18 237 0 0 33
1492138349 4847 27287 2323 17015 211 1246 1 1785 6 0 400 0 0 0 41 18 237 0 0 33
1492185262 4848 27287 2323 17015 211 1246 1 1785 6 0 400 0 0 0 41 18 237 0 0 33
1492224419 4848 27287 2327 17015 211 1246 1 1785 6 0 400 0 0 0 41 18 237 0 0 33
1492360171 4848 27287 2327 17015 211 1246 1 1785 6 0 400 0 0 0 41 18 237 0 0 33
1492423102 4848 27287 2327 17015 211 1246 1 1785 6 0 400 0 77 0 41 18 237 0 0 33
1492670922 4848 27287 2327 17015 211 1246 1 1785 6 0 400 0 92 0 41 18 237 0 0 33
1492872018 4848 27287 2327 17015 211 1246 1 1785 6 0 400 0 92 9 41 18 237 0 0 33
1493091959 4848 27287 2327 17015 211 1246 6 1785 6 0 400 0 92 9 41 18 237 0 0 33
1493097795 4848 27287 2327 17015 211 1246 14 1785 6 0 400 0 92 9 41 18 237 0 0 33
1493101455 4848 27287 2327 17015 211 1246 14 1785 6 0 400 0 92 15 41 18 237 0 0 33
1493105464 4848 27287 2327 17015 211 1246 14 1785 6 0 400 0 92 35 41 18 237 0 0 33
1493137266 4848 27287 2327 17015 211 1246 14 1785 6 0 400 0 92 40 41 18 237 0 0 33
1493257233 4848 27287 2329 17015 211 1246 14 1785 6 0 400 0 92 40 41 18 237 0 0 33
1493370103 5102 27287 2329 17015 211 1246 14 1785 6 0 400 0 92 40 41 18 237 0 0 33
1493381014 5102 27319 2329 17015 211 1246 14 1785 6 0 400 0 92 40 41 18 237 0 0 33
1493797290 5102 27319 2329 17015 211 1246 14 1785 6 0 400 0 92 40 41 18 237 0 0 33
1493822271 5102 27613 2329 17015 211 1246 14 1785 6 0 400 0 92 40 41 18 237 0 0 33
1493871574 5102 27649 2329 17015 211 1246 14 1785 6 0 400 0 92 40 41 18 237 0 0 33
1493885013 5102 27663 2329 17015 211 1246 14 1785 6 0 400 0 92 40 41 18 237 0 0 33
1493918675 5102 27682 2329 17015 211 1246 14 1785 6 0 400 0 92 40 41 18 237 0 0 33
1493918709 5102 27693 2329 17015 211 1246 14 1785 6 0 400 0 92 40 41 18 237 0 0 33
1493992929 5102 27701 2329 17015 211 1246 14 1785 6 0 400 0 92 40 41 18 237 0 0 33
1494168354 5102 27715 2329 17015 211 1246 14 1785 6 0 400 0 92 40 41 18 237 0 0 33
1494168654 5102 27715 2329 17015 211 1246 14 1785 6 0 400 0 100 40 41 18 237 0 0 33
1494249900 5102 27715 2329 17015 211 1246 14 1785 6 0 400 0 100 40 41 18 237 0 0 33
1494259741 5102 27715 2329 17015 211 1246 14 1785 6 0 400 0 100 40 41 18 237 0 0 33
1494301990 5102 27724 2329 17015 211 1246 14 1785 6 0 400 0 100 40 41 18 237 0 0 33
1494397932 5102 27724 2329 17015 211 1246 216 1785 6 0 400 0 100 40 41 18 237 0 0 33
1494413961 5102 27724 2329 17015 211 1246 216 1785 6 0 400 0 100 40 41 18 237 0 0 33
1494483721 5102 27724 2329 17045 211 1246 216 1785 6 0 400 0 100 40 41 18 237 0 0 33
1494512736 5102 27724 2329 17045 211 1246 216 1785 6 352 400 0 100 40 41 18 237 0 0 33
1494682354 5102 27724 2329 17045 211 1246 216 1785 6 352 400 0 100 40 41 18 237 0 0 33
1494763263 5102 27724 2329 17045 211 1246 216 1785 6 352 400 1 100 40 41 18 237 0 0 33
1494917287 5102 27724 2329 17045 211 1246 216 1785 6 352 400 1 100 40 41 18 237 0 0 33
1494951182 5102 27724 2329 17045 211 1246 216 1785 6 352 400 1 100 40 41 18 237 2 0 33
1494951625 5102 27736 2329 17045 211 1246 216 1785 6 352 400 1 100 40 41 18 237 2 0 33
1494990249 5102 27736 2329 17045 211 1246 216 1785 6 352 400 1 100 40 41 18 237 3 0 33
1495004119 5383 27736 2329 17045 211 1246 216 1785 6 352 400 1 100 40 41 18 237 3 0 33
1495015267 5396 27736 2329 17045 211 1246 216 1785 6 352 400 1 100 40 41 18 237 3 0 33
1495023202 5396 27736 2329 17045 211 1246 216 1785 6 352 400 1 100 40 41 18 237 3 0 33
1495023267 5396 27736 2329 17045 211 1246 216 1785 6 352 400 1 100 40 41 18 237 3 0 33
1495023361 5396 27736 2329 17045 211 1246 322 1785 6 352 400 1 100 40 41 18 237 3 0 33
1495023405 5396 27736 2329 17045 211 1246 654 1785 6 352 400 1 100 40 41 18 237 3 0 33
1495032453 5396 27736 2329 17045 211 1246 654 1785 6 352 400 1 100 40 41 18 237 5 0 33
1495079938 5396 27736 2329 17045 211 1246 654 1785 6 352 400 1 100 40 41 18 237 5 0 33
1495247462 5456 27736 2329 17045 211 1246 654 1785 6 352 400 1 100 40 41 18 237 5 0 33
1495523780 5456 27736 2329 17045 211 1246 654 1785 6 352 400 15 100 40 41 18 237 5 0 33
1495881060 5456 27736 2329 17045 211 1246 654 1785 6 352 400 15 100 40 41 18 237 5 0 33
1495881106 5537 27736 2329 17045 211 1246 654 1785 6 352 400 15 100 40 41 18 237 5 0 33
1495881394 5537 27736 2329 17045 211 1246 654 1785 6 352 400 15 100 40 41 18 237 5 0 33
1495881511 5537 27736 2329 17045 211 1246 654 1785 6 571 400 15 100 40 41 18 237 5 0 33
1495881633 5537 27736 2329 17045 211 1246 1500 1785 6 571 400 15 100 40 41 18 237 5 0 33
1495881678 5537 27736 2329 17045 211 1246 1500 1785 6 954 400 15 100 40 41 18 237 5 0 33
1495995072 5593 27736 2329 17045 211 1246 1500 1785 6 954 400 15 100 40 41 18 237 5 0 33
1496368942 5599 27736 2329 17045 211 1246 1500 1785 6 954 400 15 100 40 41 18 237 5 0 33
1496400582 5599 27736 2329 17045 211 1246 1500 1785 6 954 400 82 100 40 41 18 237 5 0 33
1496409566 5599 27737 2329 17045 211 1246 1500 1785 6 954 400 82 100 40 41 18 237 5 0 33
1496419057 5599 27754 2329 17045 211 1246 1500 1785 6 954 400 82 100 40 41 18 237 5 0 33
1496635889 5599 27754 2329 17045 211 1246 1500 1785 6 954 400 82 100 40 41 18 237 5 0 33
1496892490 5599 27754 2358 17045 211 1246 1500 1785 6 954 400 82 100 40 41 18 237 5 0 33
1496910683 5599 27754 2358 17045 211 1246 1500 1785 6 954 400 82 100 40 41 18 237 5 0 33
1496975904 5599 27816 2358 17045 211 1246 1500 1785 6 954 400 82 100 40 41 18 237 5 0 33
1497008237 5599 27816 2358 17045 211 1246 1500 1785 6 954 400 82 100 40 41 18 237 5 0 33
1497103435 5599 27816 2358 17058 211 1246 1500 1785 6 954 400 82 100 40 41 18 237 5 0 33
1497108422 5599 27816 2358 17058 211 1246 1500 1785 6 954 400 82 100 40 41 18 237 5 0 33
1497191288 5599 27816 2358 17058 211 1246 1500 1785 6 1149 400 82 100 40 41 18 237 5 0 33
1497244076 5599 27816 2358 17058 211 1246 1500 1785 6 1149 400 82 100 40 41 18 237 5 0 33
1497251688 5599 27816 2358 17124 211 1246 1500 1785 6 1149 400 82 100 40 41 18 237 5 0 33
1497262595 5599 27816 2358 17124 211 1246 1500 1785 6 1149 400 82 100 40 41 18 237 5 0 33
1497262625 5599 27816 2358 17136 211 1246 1500 1785 6 1149 400 82 100 40 41 18 237 5 0 33
1497289239 5599 27844 2358 17136 211 1246 1500 1785 6 1149 400 82 100 40 41 18 237 5 0 33
1497338393 5599 27844 2381 17136 211 1246 1500 1785 6 1149 400 82 100 40 41 18 237 5 0 33
1497348233 5599 27844 2381 17289 211 1246 1500 1785 6 1149 400 82 100 40 41 18 237 5 0 33
1497412893 5599 27844 2381 17289 211 1246 1500 1785 6 1149 400 82 104 40 41 18 237 5 0 33
1497532378 5599 27844 2381 17289 211 1246 1500 1785 6 1149 400 82 104 40 41 18 237 5 0 33
1497851277 5599 27844 2381 17376 211 1246 1500 1785 6 1149 400 82 104 40 41 18 237 5 0 33
1497971502 5599 27844 2381 17376 211 1246 1500 1785 6 1149 400 82 104 40 41 18 237 5 0 33
1498055686 5599 27844 2381 17376 211 1246 1500 1785 6 1149 400 82 104 40 41 18 237 5 0 33
1498061754 5599 27844 2381 17424 211 1246 1500 1785 6 1149 400 82 104 40 41 18 237 5 0 33
1498116385 5599 27844 2381 17424 211 1246 1500 1785 6 1149 400 82 104 40 41 18 237 5 0 33
1498135081 5599 27845 2381 17424 211 1246 1500 1785 6 1149 400 82 104 40 41 18 237 5 0 33
1498221457 5643 27845 2381 17424 211 1246 1500 1785 6 1149 400 82 104 40 41 18 237 5 0 33
1498291417 5652 27845 2381 17424 211 1246 1500 1785 6 1149 400 82 104 40 41 18 237 5 0 33
1498291454 5659 27845 2381 17424 211 1246 1500 1785 6 1149 400 82 104 40 41 18 237 5 0 33
1498485285 5659 27845 2381 17424 211 1246 1500 1785 6 1149 400 82 104 40 41 18 237 5 0 33
1498546724 5659 27845 2381 17424 211 1246 1500 1785 6 1149 400 82 104 40 41 18 237 5 0 33
1498631380 5659 27845 2381 17424 211 1246 1500 1785 6 1149 400 82 104 40 41 18 237 5 0 33
1499052194 5659 27845 2408 17424 211 1246 1500 1785 6 1149 400 82 104 40 41 18 237 5 0 33
1499156257 5659 27845 2409 17424 211 1246 1500 1785 6 1149 400 82 104 40 41 18 237 5 0 33
1499157412 5659 27845 2409 17424 211 1246 1500 1785 6 1149 400 82 104 40 41 18 237 5 0 33
1499217370 5659 28294 2409 17424 211 1246 1500 1785 6 1149 400 82 104 40 41 18 237 5 0 33
1499222365 5659 28294 2409 17471 211 1246 1500 1785 6 1149 400 82 104 40 41 18 237 5 0 33
1499230539 5659 28294 2409 17503 211 1246 1500 1785 6 1149 400 82 104 40 41 18 237 5 0 33
1500018837 5659 28294 2409 17503 211 1246 1500 1785 6 1149 400 82 104 40 41 18 237 5 0 33
1500274454 5659 28295 2409 17503 211 1246 1500 1785 6 1149 400 82 104 40 41 18 237 5 0 33
1500287535 5659 28299 2409 17503 211 1246 1500 1785 6 1149 400 82 104 40 41 18 237 5 0 33
1500363601 5659 28299 2409 17503 211 1246 1500 1785 6 1286 400 82 104 40 41 18 237 5 0 33
1500429950 5659 28299 2409 17701 211 1246 1500 1785 6 1286 400 82 104 40 41 18 237 5 0 33
1500441970 5659 28299 2409 17718 211 1246 1500 1785 6 1286 400 82 104 40 41 18 237 5 0 33
1500559441 5659 28299 2409 17718 211 1246 1500 1785 6 1286 400 82 104 40 41 18 237 5 0 33
1500657062 5659 28299 2409 17718 211 1246 1500 1785 6 1286 400 82 104 40 41 18 237 5 0 33
1500954061 6134 28299 2409 17718 211 1246 1500 1785 6 1286 400 82 104 40 41 18 237 5 0 33
1500954115 6134 28299 2409 17718 211 1246 1500 1785 6 1286 400 82 104 40 41 18 237 5 170 33
1501061809 6134 28387 2409 17718 211 1246 1500 1785 6 1286 400 82 104 40 41 18 237 5 170 33
1501119350 6134 28411 2409 17718 211 1246 1500 1785 6 1286 400 82 104 40 41 18 237 5 170 33
1501149977 6134 28480 2409 17718 211 1246 1500 1785 6 1286 400 82 104 40 41 18 237 5 170 33
1501153617 6134 28480 2409 17718 211 1246 1500 1785 6 1286 400 82 104 40 41 18 237 5 260 33
1501208935 6134 28480 2412 17718 211 1246 1500 1785 6 1286 400 82 104 40 41 18 237 5 260 33
1501219240 6134 28480 2413 17718 211 1246 1500 1785 6 1286 400 82 104 40 41 18 237 5 260 33
1501487080 6134 28480 2413 17718 211 1246 1500 1785 6 1286 400 82 104 40 41 18 237 5 260 33
1501578100 6134 28507 2413 17718 211 1246 1500 1785 6 1286 400 82 104 40 41 18 237 5 260 33
1501667312 6134 28507 2414 17718 211 1246 1500 1785 6 1286 400 82 104 40 41 18 237 5 260 33
1501686102 6175 28507 2414 17718 211 1246 1500 1785 6 1286 400 82 104 40 41 18 237 5 260 33
1501724719 6175 28507 2415 17718 211 1246 1500 1785 6 1286 400 82 104 40 41 18 237 5 260 33
1501859744 6175 28507 2452 17718 211 1246 1500 1785 6 1286 400 82 104 40 41 18 237 5 260 33
1502870341 6175 28507 2454 17718 211 1246 1500 1785 6 1286 400 82 104 40 41 18 237 5 260 33
1502932530 6175 28507 2454 17718 211 1246 1500 1785 6 1286 400 82 104 40 41 18 237 5 563 33
1503588538 6175 28507 2454 17718 211 1246 1500 1785 6 1286 400 82 104 40 41 18 237 5 563 33
1504067678 6175 28507 2456 17718 211 1246 1500 1785 6 1286 400 82 104 40 41 18 237 5 563 33
1504663392 6175 28507 2456 17718 211 1246 1500 1785 6 1286 400 82 104 40 41 18 237 5 563 33
1504791287 6175 28507 2456 17720 211 1246 1500 1785 6 1286 400 82 104 40 41 18 237 5 563 33
1505014894 6175 28507 2456 17720 211 1246 1500 1785 6 1286 644 82 104 40 41 18 237 5 563 33
1505100156 6175 28507 2456 17720 211 1246 1500 1785 6 1286 644 363 104 40 41 18 237 5 563 33
1505198195 6175 28507 2456 17720 211 1246 1500 1785 6 2052 644 363 104 40 41 18 237 5 563 33
1505198261 6175 28507 2456 17720 211 1246 1500 1785 6 2052 644 363 104 40 41 18 237 5 563 33
1505208540 6175 28507 2456 17720 211 1246 1500 1785 6 2052 675 363 104 40 41 18 237 5 563 33
1505359079 6175 28507 2458 17720 211 1246 1500 1785 6 2052 675 363 104 40 41 18 237 5 563 33
1505365878 6175 28507 2458 17720 211 1246 1500 1785 6 2052 675 363 104 40 41 18 237 5 563 33
1505388270 6175 28507 2546 17720 211 1246 1500 1785 6 2052 675 363 104 40 41 18 237 5 563 33
1505390708 6175 28507 2550 17720 211 1246 1500 1785 6 2052 675 363 104 40 41 18 237 5 563 33
1505474895 6175 28507 2550 17720 211 1246 1500 1785 6 2052 681 363 104 40 41 18 237 5 563 33
1505809215 6175 28507 2550 17720 211 1246 1500 1785 6 2052 681 363 104 40 41 18 237 5 563 33
1506303721 6175 28507 2550 17720 211 1246 1500 2006 6 2052 681 363 104 40 41 18 237 5 563 33
1506304789 6175 28507 2550 17720 211 1246 1500 2006 6 2052 681 363 104 40 41 18 237 5 563 33
1507688615 6175 28507 2563 17720 211 1246 1500 2006 6 2052 681 363 104 40 41 18 237 5 563 33
1507818641 6179 28507 2563 17720 211 1246 1500 2006 6 2052 681 363 104 40 41 18 237 5 563 33
1508124822 6179 28507 2621 17720 211 1246 1500 2006 6 2052 681 363 104 40 41 18 237 5 563 33
1508124889 6179 28507 2684 17720 211 1246 1500 2006 6 2052 681 363 104 40 41 18 237 5 563 33
1508395278 6179 28507 2684 17720 211 1246 1500 2006 6 2052 681 363 104 40 41 18 237 5 563 33
1508470560 6179 28507 2686 17720 211 1246 1500 2006 6 2052 681 363 104 40 41 18 237 5 563 33
1508498744 6179 28553 2686 17720 211 1246 1500 2006 6 2052 681 363 104 40 41 18 237 5 563 33
1508504610 6179 28553 2732 17720 211 1246 1500 2006 6 2052 681 363 104 40 41 18 237 5 563 33
1508824567 6179 28576 2732 17720 211 1246 1500 2006 6 2052 681 363 104 40 41 18 237 5 563 33
1509678192 6179 28576 2732 17720 211 1246 1934 2006 6 2052 681 363 104 40 41 18 237 5 563 33
1509942352 6179 28576 2732 17721 211 1246 1934 2006 6 2052 681 363 104 40 41 18 237 5 563 33
1510047666 6187 28576 2732 17721 211 1246 1934 2006 6 2052 681 363 104 40 41 18 237 5 563 33
1510119690 6202 28576 2732 17721 211 1246 1934 2006 6 2052 681 363 104 40 41 18 237 5 563 33
1510119771 6202 28576 2732 17721 211 1246 1934 2006 6 2052 681 363 104 40 41 30 237 5 563 33
1510126009 6213 28576 2732 17721 211 1246 1934 2006 6 2052 681 363 104 40 41 30 237 5 563 33
1510141646 6213 28576 2733 17721 211 1246 1934 2006 6 2052 681 363 104 40 41 30 237 5 563 33
1510157759 6225 28576 2733 17721 211 1246 1934 2006 6 2052 681 363 104 40 41 30 237 5 563 33
1510190943 6267 28576 2733 17721 211 1246 1934 2006 6 2052 681 363 104 40 41 30 237 5 563 33
1510192718 6280 28576 2733 17721 211 1246 1934 2006 6 2052 681 363 104 40 41 30 237 5 563 33
1510544249 6329 28576 2733 17721 211 1246 1934 2006 6 2052 681 363 104 40 41 30 237 5 563 33
1510545861 6329 28576 2879 17721 211 1246 1934 2006 6 2052 681 363 104 40 41 30 237 5 563 33
1510559355 6348 28576 2879 17721 211 1246 1934 2006 6 2052 681 363 104 40 41 30 237 5 563 33
1510559933 6348 28576 2879 17721 211 1246 1934 2006 6 2052 681 574 104 40 41 30 237 5 563 33
1510566915 6348 28576 2879 17721 211 1246 1934 2006 6 2052 681 574 104 40 41 30 237 5 563 33
1510574740 6348 28576 2901 17721 211 1246 1934 2006 6 2052 681 574 104 40 41 30 237 5 563 33
1510575818 6370 28576 2901 17721 211 1246 1934 2006 6 2052 681 574 104 40 41 30 237 5 563 33
1510626602 6370 28576 2901 17721 211 1246 1934 2006 6 2052 681 574 104 40 41 30 237 5 563 33
1510626655 6370 28576 2903 17721 211 1246 1934 2006 6 2052 681 574 104 40 41 30 237 5 563 33
1510626700 6370 28576 2917 17721 211 1246 1934 2006 6 2052 681 574 104 40 41 30 237 5 563 33
1510706875 6370 28576 2917 17721 211 1246 1934 2006 6 2052 681 574 104 40 41 30 237 5 563 33
1510712133 6370 28576 3123 17721 211 1246 1934 2006 6 2052 681 574 104 40 41 30 237 5 563 33
1510714395 6370 28576 3123 17721 211 1246 1934 2006 6 2052 681 574 104 40 41 30 237 5 563 33
1511075173 6370 28576 3123 17721 211 1246 1934 2006 6 2052 681 574 104 40 41 30 237 5 563 33
1511158817 6395 28576 3123 17721 211 1246 1934 2006 6 2052 681 574 104 40 41 30 237 5 563 33
1511170955 6684 28576 3123 17721 211 1246 1934 2006 6 2052 681 574 104 40 41 30 237 5 563 33
1511171404 6694 28576 3123 17721 211 1246 1934 2006 6 2052 681 574 104 40 41 30 237 5 563 33
1511171440 6721 28576 3123 17721 211 1246 1934 2006 6 2052 681 574 104 40 41 30 237 5 563 33
1511233642 6746 28576 3123 17721 211 1246 1934 2006 6 2052 681 574 104 40 41 30 237 5 563 33
1511323820 6746 28576 3123 17721 211 1246 1934 2006 7 2052 681 574 104 40 41 30 237 5 563 33
1511332359 6746 28576 3474 17721 211 1246 1934 2006 7 2052 681 574 104 40 41 30 237 5 563 33
1511337323 6746 28576 3477 17721 211 1246 1934 2006 7 2052 681 574 104 40 41 30 237 5 563 33
1511343535 6879 28576 3477 17721 211 1246 1934 2006 7 2052 681 574 104 40 41 30 237 5 563 33
1511422662 6879 28576 3581 17721 211 1246 1934 2006 7 2052 681 574 104 40 41 30 237 5 563 33
1511428303 6879 28576 3700 17721 211 1246 1934 2006 7 2052 681 574 104 40 41 30 237 5 563 33
1511428381 6879 28576 3977 17721 211 1246 1934 2006 7 2052 681 574 104 40 41 30 237 5 563 33
1511429183 6879 28576 4038 17721 211 1246 1934 2006 7 2052 681 574 104 40 41 30 237 5 563 33
1511431112 6879 28576 4054 17721 211 1246 1934 2006 7 2052 681 574 104 40 41 30 237 5 563 33
